YY  MM DD hh mm WDIR WSPD GST  WVHT   DPD   APD MWD   PRES  ATMP  WTMP  DEWP  VIS  TIDE
yr  mo dy hr mn degT m/s  m/s     m   sec   sec deg    hPa  degC  degC  degC  nmi    ft
2013 08 31 23 50 353  1.3  1.9  0.96  7.69  6.24 286 1013.4  16.2  17.1 999.0 99.0 99.00
2013 09 01 00 50 104  1.6  2.1  1.08  7.14  6.74 275 1013.2  16.0  17.3 999.0 99.0 99.00
2013 09 01 01 50 143  1.7  2.1  1.06 14.81  6.52 219 1013.0  15.8  17.2 999.0 99.0 99.00
2013 09 01 02 50 133  1.4  2.7  0.95 13.79  6.21 224 1012.7  15.7  17.1 999.0 99.0 99.00
2013 09 01 03 50 149  2.8  3.7  0.91 13.79  6.27 211 1012.9  15.5  17.0 999.0 99.0 99.00
2013 09 01 04 50 168  3.5  4.2  0.89 13.79  6.24 224 1013.5  15.5  17.0 999.0 99.0 99.00
2013 09 01 05 50 220  3.5  4.1  0.95 14.81  6.67 157 1013.4  16.1  17.0 999.0 99.0 99.00
2013 09 01 06 50 192  3.1  3.7  0.95 13.79  6.95 121 1013.3  16.3  17.0 999.0 99.0 99.00
2013 09 01 07 50 160  5.2  6.0  0.95 10.00  6.75 287 1013.2  16.0  17.0 999.0 99.0 99.00
2013 09 01 08 50 172  6.2  7.3  0.96 10.81  6.25 286 1013.0  15.8  16.9 999.0 99.0 99.00
2013 09 01 09 50 182  6.4  7.4  1.11 10.00  6.24 273 1012.9  15.6  16.8 999.0 99.0 99.00
2013 09 01 10 50 182  5.7  7.2  1.21 10.00  6.54 286 1012.9  15.3  16.8 999.0 99.0 99.00
2013 09 01 11 50 186  4.8  6.3  1.11  9.09  6.08 277 1013.0  14.2  16.7 999.0 99.0 99.00
2013 09 01 12 50 162  5.6  7.2  1.29 10.00  6.62 292 1012.7  13.8  16.6 999.0 99.0 99.00
2013 09 01 13 50 150  5.8  7.2  1.13 10.00  6.21 280 1012.3  13.6  16.6 999.0 99.0 99.00
2013 09 01 14 50 150  6.5  7.9  1.10 10.00  5.63 262 1012.1  13.0  16.6 999.0 99.0 99.00
2013 09 01 15 50 143  5.5  7.1  1.15 10.00  6.13 279 1012.1  13.6  16.6 999.0 99.0 99.00
2013 09 01 16 50 151  3.7  4.5  1.09 12.90  6.01 272 1012.3  14.1  16.7 999.0 99.0 99.00
2013 09 01 17 50 159  3.5  4.3  1.13  9.09  6.39 282 1012.2  14.9  16.9 999.0 99.0 99.00
2013 09 01 18 50 145  3.5  4.2  1.16 12.12  6.61 283 1011.7  15.7  17.0 999.0 99.0 99.00
2013 09 01 19 50 163  3.6  4.2  1.25 12.12  6.82 296 1011.8  16.6  17.2 999.0 99.0 99.00
2013 09 01 20 50 181  5.6  6.8  1.18 10.81  6.57 290 1011.8  17.7  17.3 999.0 99.0 99.00
2013 09 01 21 50 191  4.9  6.0  1.22 11.43  6.22 277 1011.6  17.4  17.1 999.0 99.0 99.00
2013 09 01 22 50 177  4.9  6.0  1.36 12.12  6.26 273 1011.0  17.3  17.1 999.0 99.0 99.00
2013 09 01 23 50 181  5.1  5.9  1.39 12.12  6.25 302 1010.7  17.3  17.2 999.0 99.0 99.00
2013 09 02 00 50 165  5.3  6.3  1.44 12.90  5.96 254 1010.4  17.0  17.2 999.0 99.0 99.00
2013 09 02 01 50 160  6.2  7.4  1.57 11.43  6.47 287 1010.4  17.0  17.3 999.0 99.0 99.00
2013 09 02 02 50 168  6.5  7.8  1.52 12.12  6.40 294 1010.4  17.1  17.5 999.0 99.0 99.00
2013 09 02 03 50 269  1.4  2.6  1.54  6.25  5.98 232 1010.8  16.7  17.5 999.0 99.0 99.00
2013 09 02 04 50 145  4.5  6.0  1.48  6.67  5.99 233 1011.2  16.7  17.5 999.0 99.0 99.00
2013 09 02 05 50 166  7.7  9.5  1.55 11.43  5.98 292 1011.2  16.5  17.6 999.0 99.0 99.00
2013 09 02 06 50 175  6.3  7.6  1.53 11.43  5.77 290 1011.5  16.5  17.6 999.0 99.0 99.00
2013 09 02 07 50 180  5.9  6.9  1.67 11.43  5.90 292 1011.2  16.6  17.5 999.0 99.0 99.00
2013 09 02 08 50 164  5.8  7.0  1.66 10.81  6.02 291 1011.2  16.4  17.5 999.0 99.0 99.00
2013 09 02 09 50 178  7.4  9.1  1.49 10.81  5.85 295 1011.2  16.5  17.5 999.0 99.0 99.00
2013 09 02 10 50 179  6.6  7.7  1.47 10.81  5.69 291 1011.4  16.7  17.6 999.0 99.0 99.00
2013 09 02 11 50 181  7.0  8.2  1.49 10.81  5.53 311 1011.2  16.4  17.6 999.0 99.0 99.00
2013 09 02 12 50 181  7.0  8.1  1.49 11.43  5.73 292 1011.2  16.1  17.7 999.0 99.0 99.00
2013 09 02 13 50 188  6.1  7.4  1.42 10.81  5.50 304 1011.4  16.1  17.7 999.0 99.0 99.00
2013 09 02 14 50 191  6.3  7.7  1.54 10.00  6.00 297 1011.9  15.8  17.9 999.0 99.0 99.00
2013 09 02 15 50 183  7.1  8.6  1.40 10.81  5.67 288 1012.0  15.8  17.9 999.0 99.0 99.00
2013 09 02 16 50 182  7.4  8.8  1.53 10.81  5.76 282 1012.3  16.1  17.9 999.0 99.0 99.00
2013 09 02 17 50 172  8.0  9.8  1.50  5.88  5.39 222 1012.3  15.9  17.8 999.0 99.0 99.00
2013 09 02 18 50 179  8.3 10.3  1.53 10.81  5.26 301 1012.7  15.9  17.8 999.0 99.0 99.00
2013 09 02 19 50 179  8.0  9.4  1.49 10.00  5.17 303 1012.7  16.1  17.8 999.0 99.0 99.00
2013 09 02 20 50 182  8.6 10.3  1.53  6.25  5.22 218 1012.9  16.1  17.9 999.0 99.0 99.00
2013 09 02 21 50 188  7.7  9.1  1.64 10.81  5.29 264 1012.9  16.3  17.9 999.0 99.0 99.00
2013 09 02 22 50 203  7.4  8.3  1.65  9.09  5.72 258 1012.7  16.4  18.0 999.0 99.0 99.00
2013 09 02 23 50 191  6.7  7.9  1.95  9.09  6.07 255 1012.8  16.8  18.0 999.0 99.0 99.00
2013 09 03 00 50 185  5.7  7.3  1.69  6.67  5.81 232 1012.7  17.3  17.9 999.0 99.0 99.00
2013 09 03 01 50 163  5.8  7.1  1.71  9.09  5.83 246 1012.5  16.4  17.8 999.0 99.0 99.00
2013 09 03 02 50 172  6.9  8.2  1.71  8.33  5.76 256 1012.3  16.3  17.8 999.0 99.0 99.00
2013 09 03 03 50 183  6.9  8.3  1.67 10.00  5.85 272 1012.7  16.2  17.8 999.0 99.0 99.00
2013 09 03 04 50 170  7.5  9.0  1.65  7.14  5.53 250 1013.0  16.2  17.8 999.0 99.0 99.00
2013 09 03 05 50 185  6.9  8.0  1.70  9.09  5.61 276 1013.3  15.9  17.8 999.0 99.0 99.00
2013 09 03 06 50 184  7.3  8.6  1.66  9.09  5.54 270 1013.4  15.7  17.8 999.0 99.0 99.00
2013 09 03 07 50 191  6.8  8.6  1.55  6.67  5.53 232 1013.4  15.7  17.8 999.0 99.0 99.00
2013 09 03 08 50 188  6.9  8.3  1.65  6.67  5.57 237 1013.5  16.2  17.9 999.0 99.0 99.00
2013 09 03 09 50 183  6.2  7.5  1.61  7.69  5.59 234 1013.4  16.6  17.9 999.0 99.0 99.00
2013 09 03 10 50 156  5.4  6.5  1.55  6.67  5.82 235 1013.3  16.6  17.9 999.0 99.0 99.00
2013 09 03 11 50 155  6.5  7.5  1.38  6.67  5.51 238 1013.4  16.5  18.0 999.0 99.0 99.00
2013 09 03 12 50 157  6.6  8.3  1.37  9.09  5.57 266 1013.5  16.6  18.0 999.0 99.0 99.00
2013 09 03 13 50 172  7.1  8.2  1.48  7.14  5.61 236 1013.8  16.4  18.0 999.0 99.0 99.00
2013 09 03 14 50 165  7.3  8.6  1.69  8.33  5.69 259 1014.2  16.7  18.0 999.0 99.0 99.00
2013 09 03 15 50 167  6.9  8.1  1.58  8.33  5.59 252 1014.5  16.7  17.9 999.0 99.0 99.00
2013 09 03 16 50 169  7.0  8.3  1.43  8.33  5.38 270 1014.8  17.1  17.9 999.0 99.0 99.00
2013 09 03 17 50 167  7.0  8.3  1.47  8.33  5.56 258 1014.9  17.3  17.9 999.0 99.0 99.00
2013 09 03 18 50 182  7.7  9.5  1.50  6.25  5.13 229 1015.3  17.2  18.0 999.0 99.0 99.00
2013 09 03 19 50 184  7.3  9.0  1.47  6.25  5.06 230 1015.6  16.9  18.0 999.0 99.0 99.00
2013 09 03 20 50 187  7.3  8.5  1.31  5.88  4.83 237 1015.8  16.9  18.0 999.0 99.0 99.00
2013 09 03 21 50 193  7.0  8.2  1.36  5.56  5.05 226 1015.9  17.1  18.0 999.0 99.0 99.00
2013 09 03 22 50 195  6.7  8.3  1.21  7.69  4.75 241 1015.8  17.2  18.1 999.0 99.0 99.00
2013 09 03 23 50 197  5.4  6.4  1.17  5.88  4.87 237 1015.9  17.4  18.2 999.0 99.0 99.00
2013 09 04 00 50 204  5.7  7.0  1.26  6.25  5.14 218 1015.8  17.1  18.2 999.0 99.0 99.00
2013 09 04 01 50 181  4.6  5.8  1.15  5.88  5.28 232 1015.5  16.9  18.2 999.0 99.0 99.00
2013 09 04 02 50 174  3.8  4.6  1.18  6.25  5.28 226 1015.5  16.7  18.3 999.0 99.0 99.00
2013 09 04 03 50 163  4.9  5.6  1.10  5.56  5.44 221 1015.9  16.7  18.3 999.0 99.0 99.00
2013 09 04 04 50 163  4.7  5.4  1.13  7.69  5.50 250 1016.2  16.6  18.3 999.0 99.0 99.00
2013 09 04 05 50 171  4.4  5.4  1.19  5.56  5.43 223 1016.4  16.8  18.3 999.0 99.0 99.00
2013 09 04 06 50 167  3.8  4.7  1.11  5.56  5.20 219 1016.3  16.9  18.2 999.0 99.0 99.00
2013 09 04 07 50 155  3.4  4.3  1.07  5.56  5.29 211 1016.3  16.7  18.2 999.0 99.0 99.00
2013 09 04 08 50 169  4.5  5.3  1.08  5.56  5.36 215 1016.3  16.8  18.1 999.0 99.0 99.00
2013 09 04 09 50 151  4.3  5.3  1.03  5.26  5.32 218 1016.2  16.6  18.0 999.0 99.0 99.00
2013 09 04 10 50 156  3.6  4.4  1.02  5.88  5.39 229 1016.1  16.5  18.0 999.0 99.0 99.00
2013 09 04 11 50 161  3.3  3.8  1.08  7.14  5.81 260 1016.0  16.4  18.0 999.0 99.0 99.00
2013 09 04 12 50 156  3.8  4.7  1.08  7.69  5.76 266 1016.2  16.3  18.0 999.0 99.0 99.00
2013 09 04 13 50 176  2.9  3.6  1.03  7.69  5.77 264 1016.5  16.0  18.0 999.0 99.0 99.00
2013 09 04 14 50 152  4.5  5.9  0.98  6.67  5.52 261 1016.6  16.3  18.1 999.0 99.0 99.00
2013 09 04 15 50 203  4.9  5.8  1.03  7.14  5.89 267 1017.2  16.0  18.1 999.0 99.0 99.00
2013 09 04 16 50 204  3.7  5.0  0.91  7.69  5.48 260 1017.3  16.5  18.1 999.0 99.0 99.00
2013 09 04 17 50 213  4.1  5.0  0.97  6.67  5.59 249 1017.4  16.7  18.2 999.0 99.0 99.00
2013 09 04 18 50 187  3.3  4.2  0.92  6.25  5.37 248 1017.8  16.9  18.3 999.0 99.0 99.00
2013 09 04 19 50 169  3.2  3.8  0.90 12.90  5.46 278 1017.9  17.1  18.3 999.0 99.0 99.00
2013 09 04 20 50 179  3.3  3.9  0.88 12.90  5.74 179 1018.0  17.3  18.3 999.0 99.0 99.00
2013 09 04 21 50 179  2.9  3.4  0.79  7.14  5.41 267 1018.2  17.4  18.2 999.0 99.0 99.00
2013 09 04 22 50 189  3.0  3.5  0.76 12.12  5.45 194 1018.0  17.6  18.3 999.0 99.0 99.00
2013 09 04 23 50 204  2.9  3.7  0.78 12.12  5.73 153 1017.7  17.8  18.4 999.0 99.0 99.00
2013 09 05 00 50 208  1.9  2.3  0.79 12.90  5.87   2 1017.4  17.9  18.7 999.0 99.0 99.00
2013 09 05 01 50 245  1.1  1.5  0.85 12.90  6.02 220 1017.1  17.8  18.7 999.0 99.0 99.00
2013 09 05 02 50 293  1.1  1.5  0.77  7.14  5.56 256 1017.1  17.6  18.6 999.0 99.0 99.00
2013 09 05 03 50  86  2.3  2.7  0.86  7.14  5.69 254 1017.4  17.3  18.4 999.0 99.0 99.00
2013 09 05 04 50  96  1.9  3.3  0.80  7.14  5.62 269 1017.8  17.3  18.1 999.0 99.0 99.00
2013 09 05 05 50 132  1.7  2.1  0.81  6.67  5.74 248 1017.9  17.1  17.9 999.0 99.0 99.00
2013 09 05 06 50 116  1.2  1.9  0.76 12.12  5.87 241 1017.4  17.0  17.8 999.0 99.0 99.00
2013 09 05 07 50 350  1.6  2.1  0.78 12.90  5.96 136 1017.3  16.9  17.8 999.0 99.0 99.00
2013 09 05 08 50 180  0.0  0.3  0.85 12.90  6.01 218 1017.2  16.5  17.7 999.0 99.0 99.00
2013 09 05 09 50 322  1.7  2.2  0.79 12.90  5.99 146 1016.9  16.9  17.7 999.0 99.0 99.00
2013 09 05 10 50 358  2.4  2.9  0.76 12.90  6.17 212 1016.7  17.1  17.9 999.0 99.0 99.00
2013 09 05 11 50  27  2.3  3.1  0.69 12.12  6.23 222 1016.7  17.0  17.8 999.0 99.0 99.00
2013 09 05 12 50  21  2.6  3.1  0.74 12.12  6.40 229 1017.0  16.8  17.8 999.0 99.0 99.00
2013 09 05 13 50   4  4.1  4.8  0.66 12.12  6.36 225 1017.1  16.9  17.7 999.0 99.0 99.00
2013 09 05 14 50  17  3.6  4.4  0.73 12.90  6.81 201 1017.4  17.0  17.7 999.0 99.0 99.00
2013 09 05 15 50 339  4.1  4.9  0.69 12.90  6.53 184 1017.4  17.1  17.8 999.0 99.0 99.00
2013 09 05 16 50 318  3.7  4.6  0.69 11.43  6.17 203 1017.4  17.3  17.9 999.0 99.0 99.00
2013 09 05 17 50 338  4.8  5.4  0.65 11.43  6.06   9 1017.3  17.5  17.8 999.0 99.0 99.00
2013 09 05 18 50 342  6.0  7.2  0.69 11.43  5.35 263 1017.1  17.7  17.9 999.0 99.0 99.00
2013 09 05 19 50 337  5.1  6.5  0.74 11.43  4.59 263 1017.8  17.8  17.8 999.0 99.0 99.00
2013 09 05 20 50 318  4.1  5.5  0.79 12.12  4.92 274 9999.0  17.3  17.8 999.0 99.0 99.00
2013 09 05 21 50 321  6.3  7.4  0.76 11.43  5.15 241 1017.5  17.5  17.7 999.0 99.0 99.00
2013 09 05 22 50 334  5.6  7.1  0.78 11.43  4.69 297 1018.1  17.3  17.6 999.0 99.0 99.00
2013 09 05 23 50 306  3.8  4.9  0.77 12.12  4.85 148 1018.4  16.8  17.5 999.0 99.0 99.00
2013 09 06 00 50 288  5.5  6.4  0.77 11.43  4.75 265 1018.0  17.2  17.5 999.0 99.0 99.00
2013 09 06 01 50 295  5.4  6.2  0.80 12.12  4.99 248 1018.0  17.5  17.4 999.0 99.0 99.00
2013 09 06 02 50 306  5.7  6.8  0.81 10.81  4.80 333 1018.2  17.5  17.4 999.0 99.0 99.00
2013 09 06 03 50 296  5.3  6.6  0.92 11.43  5.16 286 1018.5  18.0  17.5 999.0 99.0 99.00
2013 09 06 04 50 280  4.3  5.0  0.92 11.43  5.02 306 1018.9  17.6  17.6 999.0 99.0 99.00
2013 09 06 05 50 278  5.7  6.8 99.00 99.00 99.00 999 1018.8  17.9  17.7 999.0 99.0 99.00
2013 09 06 06 50 281  5.4  6.4  1.03 10.81  5.24 271 1019.0  18.0  17.8 999.0 99.0 99.00
2013 09 06 07 50 283  5.4  6.3  1.05 10.81  5.28 301 1019.2  18.1  17.8 999.0 99.0 99.00
2013 09 06 08 50 291  6.4  7.7  1.14 10.00  5.34 298 1019.0  18.1  17.8 999.0 99.0 99.00
2013 09 06 09 50 292  7.0  8.4  1.17 10.00  5.24 324 1019.3  18.1  17.6 999.0 99.0 99.00
2013 09 06 10 50 295  6.8  8.4  1.41 11.43  5.54 273 1019.2  18.0  17.5 999.0 99.0 99.00
2013 09 06 11 50 290  7.2  8.6  1.30 12.90  4.98 252 1019.3  17.9  17.2 999.0 99.0 99.00
2013 09 06 13 50 294  6.5  8.3  1.46 13.79  5.52 265 1020.1  18.0  16.8 999.0 99.0 99.00
2013 09 06 15 50 295  6.0  7.4  1.52 12.90  5.80 284 1020.9  18.0  16.8 999.0 99.0 99.00
2013 09 06 16 50 296  4.6  5.6  1.73  6.25  5.97 313 1021.1  18.0  17.0 999.0 99.0 99.00
2013 09 06 17 50 272  2.7  3.3  1.72 12.90  6.21 280 1021.3  18.0  17.2 999.0 99.0 99.00
2013 09 06 18 50 252  3.3  4.6  1.78 12.90  6.83 304 1021.2  17.8  17.3 999.0 99.0 99.00
2013 09 06 19 50 258  3.0  3.7  1.98 12.90  7.09 301 1021.1  18.0  17.7 999.0 99.0 99.00
2013 09 06 20 50 289  3.4  4.4  2.05 12.90  6.85 295 1021.4  18.2  17.6 999.0 99.0 99.00
2013 09 06 21 50 288  4.8  5.9  2.11 12.90  6.94 285 1021.3  18.0  17.6 999.0 99.0 99.00
2013 09 06 22 50 276  3.3  4.4  2.33  8.33  6.99 317 1021.3  16.3  17.5 999.0 99.0 99.00
2013 09 06 23 50 283  2.8  3.6  2.23  7.69  6.91 323 1021.1  17.1  17.6 999.0 99.0 99.00
2013 09 07 00 50 225  2.0  2.6  2.27  9.09  7.15 320 1020.9  17.0  17.4 999.0 99.0 99.00
2013 09 07 01 50 202  2.3  2.9  2.13 12.90  7.22 270 1020.5  16.9  17.2 999.0 99.0 99.00
2013 09 07 02 50 191  2.1  2.8  2.05 12.12  7.25 299 1020.5  16.9  17.3 999.0 99.0 99.00
2013 09 07 03 50 323  2.1  3.1  1.88 11.43  7.05 303 1020.6  17.5  17.3 999.0 99.0 99.00
2013 09 07 04 50 158  0.9  1.7  1.99  9.09  7.29 318 1020.4  17.2  17.1 999.0 99.0 99.00
2013 09 07 05 50 142  0.6  1.2  1.89  9.09  7.29 320 1020.0  17.2  17.7 999.0 99.0 99.00
2013 09 07 06 50  20  0.7  1.3  1.80 12.12  7.33 283 1019.6  17.2  17.7 999.0 99.0 99.00
2013 09 07 07 50 345  2.0  2.6  1.95  9.09  7.51 329 1019.1  17.3  17.6 999.0 99.0 99.00
2013 09 07 08 50  43  2.6  3.5  1.89  9.09  7.26 327 1018.8  17.2  17.6 999.0 99.0 99.00
2013 09 07 09 50  69  2.0  2.9  1.90 11.43  7.59 296 1018.4  16.5  17.6 999.0 99.0 99.00
2013 09 07 10 50  52  1.4  2.1  1.90 11.43  7.31 302 1018.2  16.5  17.5 999.0 99.0 99.00
2013 09 07 11 50  54  2.9  3.7  1.90 10.81  7.09 308 1017.8  16.1  17.4 999.0 99.0 99.00
2013 09 07 12 50  53  3.3  4.3  1.94 12.12  7.39 302 1017.7  16.3  17.4 999.0 99.0 99.00
2013 09 07 13 50  22  1.6  2.4  1.72 10.00  6.98 305 1017.7  16.4  17.3 999.0 99.0 99.00
2013 09 07 14 50  19  2.9  3.6  1.68  9.09  6.98 307 1017.7  16.5  17.3 999.0 99.0 99.00
2013 09 07 15 50  18  3.5  4.4  1.65  9.09  7.09 322 1017.7  16.6  17.3 999.0 99.0 99.00
2013 09 07 16 50  18  3.7  4.3  1.50 10.00  7.03 308 1017.7  16.5  17.4 999.0 99.0 99.00
2013 09 07 17 50  18  4.2  4.8  1.51 12.12  7.28 303 1017.5  16.6  17.4 999.0 99.0 99.00
2013 09 07 18 50  15  4.1  4.8  1.54 10.00  7.29 307 1017.3  16.5  17.5 999.0 99.0 99.00
2013 09 07 19 50   5  4.9  6.3  1.64 10.81  7.51 292 1017.2  16.8  17.6 999.0 99.0 99.00
2013 09 07 20 50   3  5.6  6.4  1.56 12.12  7.24 295 1016.7  16.9  17.6 999.0 99.0 99.00
2013 09 07 21 50 352  6.2  7.3  1.40 10.81  6.52 294 1016.4  17.0  17.8 999.0 99.0 99.00
2013 09 07 22 50 352  6.9  8.0  1.49 11.43  6.63 300 1016.2  17.2  17.7 999.0 99.0 99.00
2013 09 07 23 50 349  7.3  8.5  1.44  8.33  5.84 311 1016.1  17.3  17.5 999.0 99.0 99.00
2013 09 08 00 50 350  8.3  9.5  1.42 10.81  5.52 273 1015.8  17.4  17.4 999.0 99.0 99.00
2013 09 08 01 50 355  7.9  9.3  1.45 10.81  5.10 305 1015.7  17.3  17.3 999.0 99.0 99.00
2013 09 08 02 50 353  8.4 10.1  1.51  9.09  5.13 312 1015.7  17.1  17.3 999.0 99.0 99.00
2013 09 08 03 50 357  8.6 10.3  1.47 10.81  4.73 316 1016.2  17.2  17.2 999.0 99.0 99.00
2013 09 08 04 50 360  8.4 10.0  1.62 10.00  5.16 302 1016.6  17.3  17.3 999.0 99.0 99.00
2013 09 08 05 50   1  8.4  9.9  1.54 10.00  5.09 309 1016.5  17.2  17.2 999.0 99.0 99.00
2013 09 08 06 50 356  8.8 10.6  1.51 10.81  5.19 297 1016.6  17.2  17.2 999.0 99.0 99.00
2013 09 08 07 50 359  8.6 10.4  1.46 10.00  4.88 314 1016.5  17.1  17.1 999.0 99.0 99.00
2013 09 08 08 50 358  8.5 10.2  1.59 11.43  5.23 280 1016.6  17.1  17.2 999.0 99.0 99.00
2013 09 08 09 50 359  8.4 10.2  1.58 11.43  5.14 321 1016.7  17.1  17.1 999.0 99.0 99.00
2013 09 08 10 50 354  9.1 10.7  1.61  6.67  5.22 321 1016.8  17.1  17.1 999.0 99.0 99.00
2013 09 08 11 50 358  8.8 10.5  1.56  6.25  5.05 330 1016.9  17.1  17.0 999.0 99.0 99.00
2013 09 08 12 50   5  8.5 10.1  1.51 10.81  5.01 308 1017.2  16.9  16.9 999.0 99.0 99.00
2013 09 08 13 50   7  9.3 11.1  1.63  5.88  5.02 337 1017.3  16.6  16.8 999.0 99.0 99.00
2013 09 08 14 50   5  8.1 10.5  1.64  5.00  4.98 358 1017.6  16.6  16.7 999.0 99.0 99.00
2013 09 08 15 50   8  8.4  9.8  1.58  5.00  4.82 351 1017.8  16.5  16.5 999.0 99.0 99.00
2013 09 08 16 50   1  7.9 10.1  1.55  5.56  4.78 344 1018.0  16.9  16.6 999.0 99.0 99.00
2013 09 08 17 50  11  8.4 10.3  1.47  5.56  4.78 343 1018.3  17.0  16.6 999.0 99.0 99.00
2013 09 08 18 50   9  8.5  9.8  1.48  5.26  4.73 338 1018.4  16.9  16.6 999.0 99.0 99.00
2013 09 08 19 50 358  7.5  9.1  1.46  5.88  4.74 340 1018.3  17.1  16.7 999.0 99.0 99.00
2013 09 08 20 50 350 10.4 12.4  1.57  5.56  4.83 349 1018.0  16.9  16.8 999.0 99.0 99.00
2013 09 08 21 50   1  8.8 10.2  1.51  6.25  4.71 331 1017.8  17.1  16.9 999.0 99.0 99.00
2013 09 08 22 50 353 10.7 12.6  1.71  5.56  4.84 343 1017.4  17.0  17.0 999.0 99.0 99.00
2013 09 08 23 50 356  9.7 12.2  2.00  5.88  5.01 351 1017.2  17.1  17.0 999.0 99.0 99.00
2013 09 09 00 50 357  9.8 11.7  1.86  5.88  4.88 342 1017.2  17.2  17.0 999.0 99.0 99.00
2013 09 09 01 50   4 10.1 12.1  1.82  6.25  4.87 347 1016.9  16.8  16.8 999.0 99.0 99.00
2013 09 09 02 50 357 11.4 13.0  1.98  5.56  4.99 354 1016.6  16.3  16.7 999.0 99.0 99.00
2013 09 09 03 50  13 10.9 13.0  1.99  5.88  5.03 355 1017.1  16.1  16.5 999.0 99.0 99.00
2013 09 09 04 50   2 10.6 12.5  2.02  5.88  5.06 345 1017.3  16.1  16.3 999.0 99.0 99.00
2013 09 09 05 50   7 10.8 12.4  1.96  5.88  5.04 356 1017.3  16.0  16.0 999.0 99.0 99.00
2013 09 09 06 50   5 10.7 13.0  1.89  5.88  4.93   3 1017.3  15.8  15.8 999.0 99.0 99.00
2013 09 09 07 50   8 10.3 12.4  1.91  5.88  5.07   2 1017.2  15.7  15.4 999.0 99.0 99.00
2013 09 09 08 50   8 10.5 12.7  1.93  5.88  5.00 354 1017.1  15.4  15.1 999.0 99.0 99.00
2013 09 09 09 50   1 10.6 13.3  1.80  5.88  4.95 348 1016.7  15.5  14.9 999.0 99.0 99.00
2013 09 09 10 50   5  9.2 11.8  1.81  5.88  5.01 357 1016.7  15.4  14.8 999.0 99.0 99.00
2013 09 09 11 50   5 10.6 12.4  1.75  6.25  4.93 335 1016.7  15.6  14.8 999.0 99.0 99.00
2013 09 09 12 50   4 10.7 13.1  1.79  5.88  4.92 349 1016.7  15.6  14.8 999.0 99.0 99.00
2013 09 09 13 50   4 10.2 12.5  1.78  6.25  5.08 348 1016.9  15.7  15.1 999.0 99.0 99.00
2013 09 09 14 50   3  8.7 11.3  1.67  5.88  5.10 346 1017.1  15.7  15.2 999.0 99.0 99.00
2013 09 09 15 50  14  6.1  7.7  1.61  5.88  5.25 340 1017.4  15.7  15.2 999.0 99.0 99.00
2013 09 09 16 50  11  5.9  7.8  1.69  5.88  5.27 332 1017.5  15.6  15.2 999.0 99.0 99.00
2013 09 09 17 50  13  6.7  8.6  1.67  5.56  5.17 339 1017.3  15.6  15.2 999.0 99.0 99.00
2013 09 09 18 50  13  7.2  9.0  1.54  5.88  5.06 339 1017.2  15.4  15.0 999.0 99.0 99.00
2013 09 09 19 50  12  7.6 10.1  1.59  9.09  5.32 280 1016.9  15.7  15.0 999.0 99.0 99.00
2013 09 09 20 50 359  9.0 10.7  1.53  8.33  5.19 293 1016.6  15.6  14.9 999.0 99.0 99.00
2013 09 09 21 50 353  8.9 10.8  1.67 11.43  5.16 333 1015.8  16.0  14.8 999.0 99.0 99.00
2013 09 09 22 50 352 10.2 12.0  1.76  5.56  5.15 341 1015.3  16.0  14.9 999.0 99.0 99.00
2013 09 09 23 50 348 10.5 12.4  1.72  5.88  5.02 340 1014.7  16.2  14.8 999.0 99.0 99.00
2013 09 10 00 50 353 10.2 12.0  1.73  5.56  4.81 352 1014.5  16.1  15.1 999.0 99.0 99.00
2013 09 10 01 50 358  9.4 11.9  1.95  5.56  5.17 353 1014.3  16.1  15.2 999.0 99.0 99.00
2013 09 10 02 50 352 10.2 12.1  1.90  5.88  5.09 351 1014.0  16.1  15.6 999.0 99.0 99.00
2013 09 10 03 50 358  9.4 11.0  1.87  5.88  5.07 346 1014.3  16.0  15.5 999.0 99.0 99.00
2013 09 10 04 50 358  9.6 11.5  2.08  5.56  5.20 354 1014.1  15.9  14.9 999.0 99.0 99.00
2013 09 10 05 50 360  8.2  9.8  1.91  6.25  5.17 349 1014.2  15.8  14.5 999.0 99.0 99.00
2013 09 10 06 50 360  8.7 10.0  1.94  6.25  5.25 334 1014.0  15.7  14.3 999.0 99.0 99.00
2013 09 10 07 50 357  9.2 10.6  1.87  5.88  5.31 346 1013.7  15.6  14.1 999.0 99.0 99.00
2013 09 10 08 50 357  8.8 10.3  1.74  5.88  5.14 346 1013.4  15.5  14.1 999.0 99.0 99.00
2013 09 10 09 50 357  8.8 10.2  1.77  6.25  5.18 338 1013.2  15.7  14.3 999.0 99.0 99.00
2013 09 10 10 50   3  8.6 10.2  1.71  5.88  5.14 342 1012.8  15.7  14.3 999.0 99.0 99.00
2013 09 10 11 50   2  8.8 10.6  1.79  5.88  5.01 340 1012.4  15.5  14.3 999.0 99.0 99.00
2013 09 10 12 50   7  9.0 11.0  1.77  6.25  5.20 332 1012.5  15.3  14.2 999.0 99.0 99.00
2013 09 10 13 50   1 10.0 12.1  1.86  6.25  5.02 340 1012.4  14.9  14.1 999.0 99.0 99.00
2013 09 10 14 50  13  7.9  9.8  1.85  5.26  5.07 353 1012.7  14.7  14.0 999.0 99.0 99.00
2013 09 10 15 50  11  8.8 10.4  1.94  5.88  5.28 342 1012.5  14.5  14.1 999.0 99.0 99.00
2013 09 10 16 50  12  8.1  9.5  1.94  6.25  5.30 336 1012.5  14.4  14.5 999.0 99.0 99.00
2013 09 10 17 50   6  7.9  8.9  1.79  5.88  5.21 348 1012.2  14.6  14.7 999.0 99.0 99.00
2013 09 10 18 50   4  7.9  9.3  1.76  6.25  5.22 342 1011.8  14.8  14.8 999.0 99.0 99.00
2013 09 10 19 50   4  8.0  9.5  1.75  6.25  5.25 348 1011.1  15.0  15.0 999.0 99.0 99.00
2013 09 10 20 50   9  6.9  8.3  1.59  6.25  5.16 329 1010.9  15.0  14.9 999.0 99.0 99.00
2013 09 10 21 50 359  7.2  8.6  1.74  6.25  5.40 342 1010.1  15.2  14.5 999.0 99.0 99.00
2013 09 10 22 50 358  7.8  9.2  1.52  9.09  5.25 314 1009.6  15.5  14.5 999.0 99.0 99.00
2013 09 10 23 50 351  6.2  7.3  1.50  5.88  5.39 345 1008.9  15.8  14.6 999.0 99.0 99.00
2013 09 11 00 50 349  6.0  6.7  1.48  9.09  5.40 327 1008.5  16.4  14.8 999.0 99.0 99.00
2013 09 11 01 50 350  6.3  7.1  1.41  6.25  5.39 343 1008.3  16.4  14.4 999.0 99.0 99.00
2013 09 11 02 50 350  5.9  6.7  1.36  6.25  5.20 323 1008.2  16.1  14.0 999.0 99.0 99.00
2013 09 11 03 50 350  5.5  6.6  1.37  5.88  5.40 336 1008.5  16.1  13.6 999.0 99.0 99.00
2013 09 11 04 50 342  5.0  5.5  1.28  8.33  5.34 310 1008.5  16.1  13.8 999.0 99.0 99.00
2013 09 11 05 50 345  3.9  4.3  1.36  5.88  5.45 333 1008.4  16.0  14.0 999.0 99.0 99.00
2013 09 11 06 50 312  1.0  1.4  1.35  5.56  5.15 330 1008.9  15.9  13.8 999.0 99.0 99.00
2013 09 11 07 50 182  5.3  6.7  1.49  5.88  5.65 333 1009.4  13.8  13.5 999.0 99.0 99.00
2013 09 11 08 50 178  7.0  8.8  1.39  6.25  5.69 329 1009.7  14.6  13.4 999.0 99.0 99.00
2013 09 11 09 50 177  8.1  9.8  1.30  6.25  4.92 324 1010.1  14.0  13.7 999.0 99.0 99.00
2013 09 11 10 50 178  8.5  9.7  1.49  4.76  5.14 142 1010.5  13.8  13.7 999.0 99.0 99.00
2013 09 11 11 50 178  8.2  9.5  1.44  4.55  5.09 160 1010.7  13.8  13.6 999.0 99.0 99.00
2013 09 11 12 50 177  7.2  8.3  1.44  8.33  5.07 293 1011.3  13.8  13.9 999.0 99.0 99.00
2013 09 11 13 50 184  7.6  9.0  1.31  8.33  5.01 312 1012.2  14.0  14.2 999.0 99.0 99.00
2013 09 11 14 50 196  7.9 10.0  1.36  4.76  4.95 186 1012.7  14.2  14.3 999.0 99.0 99.00
2013 09 11 17 50 151  0.9  2.9 99.00 99.00 99.00 999 1013.9  14.5  15.1 999.0 99.0 99.00
2013 09 11 18 50 185  4.7  6.3 99.00 99.00 99.00 999 1014.5  14.6  14.1 999.0 99.0 99.00
2013 09 11 19 50 172  4.8  5.9  1.13  4.76  5.26 181 1014.7  14.4  14.4 999.0 99.0 99.00
2013 09 11 20 50 183  4.7  6.4  1.26 16.00  5.63 267 1014.8  14.8  15.0 999.0 99.0 99.00
2013 09 11 21 50 177  4.7  5.5  1.31 16.00  6.27 270 1014.7  14.8  15.0 999.0 99.0 99.00
2013 09 11 22 50 173  5.3  6.3  1.34 14.81  6.17 277 1014.7  14.6  15.0 999.0 99.0 99.00
2013 09 11 23 50 175  5.0  5.8  1.47 16.00  6.64 304 1014.8  14.7  15.2 999.0 99.0 99.00
2013 09 12 00 50 176  4.6  5.6  1.56 16.00  6.97 295 1014.9  14.8  16.1 999.0 99.0 99.00
2013 09 12 01 50 181  4.9  6.2  1.39 14.81  6.57 253 1014.7  15.1  16.1 999.0 99.0 99.00
2013 09 12 02 50 180  4.3  5.0  1.73 14.81  7.67 263 1014.9  15.1  16.0 999.0 99.0 99.00
2013 09 12 03 50 162  5.3  6.3  1.60 14.81  7.17 276 1015.5  14.7  16.0 999.0 99.0 99.00
2013 09 12 04 50 168  6.0  7.4  1.75 14.81  7.84 280 1015.6  14.7  15.7 999.0 99.0 99.00
2013 09 12 05 50 168  4.7  5.7  1.86 14.81  7.67 287 1015.9  14.7  15.2 999.0 99.0 99.00
2013 09 12 06 50 172  4.4  5.4  1.76 14.81  7.92 281 1016.2  14.6  15.2 999.0 99.0 99.00
2013 09 12 07 50 164  3.6  4.5  1.60 13.79  7.74 291 1016.3  14.5  15.3 999.0 99.0 99.00
2013 09 12 08 50 158  3.1  4.3  1.72 13.79  8.21 279 1016.2  14.6  15.6 999.0 99.0 99.00
2013 09 12 09 50 155  3.1  4.2  1.81 13.79  8.80 290 1016.2  14.9  16.3 999.0 99.0 99.00
2013 09 12 10 50 169  4.0  5.2  1.88 13.79  9.04 286 1016.0  14.8  16.3 999.0 99.0 99.00
2013 09 12 11 50 176  4.2  5.2  1.86 13.79  8.88 285 1015.8  14.9  16.2 999.0 99.0 99.00
2013 09 12 12 50 165  4.6  5.6  1.98 13.79  9.16 279 1015.8  14.9  16.1 999.0 99.0 99.00
2013 09 12 13 50 164  4.0  4.8  2.03 12.90  9.34 287 1015.9  15.0  16.1 999.0 99.0 99.00
2013 09 12 14 50 175  3.2  4.2  2.04 13.79  9.71 285 1016.2  14.7  16.0 999.0 99.0 99.00
2013 09 12 15 50 163  4.6  5.7  1.91 13.79  9.59 282 1016.2  15.0  15.8 999.0 99.0 99.00
2013 09 12 16 50 160  3.5  4.3  1.89 13.79  9.70 290 1016.4  14.7  15.8 999.0 99.0 99.00
2013 09 12 17 50 175  2.1  3.0  1.69 12.12  9.04 283 1016.5  14.7  16.0 999.0 99.0 99.00
2013 09 12 18 50 160  2.5  3.5  1.60 10.81  9.22 291 1016.6  14.9  16.2 999.0 99.0 99.00
2013 09 12 19 50 161  2.0  2.5  1.58 12.90  9.23 293 1016.6  14.6  16.0 999.0 99.0 99.00
2013 09 12 20 50 153  2.1  2.9  1.40 10.81  8.71 282 1016.6  14.6  16.0 999.0 99.0 99.00
2013 09 12 21 50 175  2.0  2.5  1.32 12.90  8.94 295 1016.3  14.8  16.0 999.0 99.0 99.00
2013 09 12 22 50 181  2.3  2.8  1.59 13.79  9.79 284 1016.2  15.1  16.7 999.0 99.0 99.00
2013 09 12 23 50 155  1.9  2.4  1.47 12.90  9.25 281 1015.8  15.3  16.8 999.0 99.0 99.00
2013 09 13 00 50 170  1.6  2.0  1.62 12.90  9.83 280 1015.7  15.5  16.9 999.0 99.0 99.00
2013 09 13 01 50 156  1.5  2.4  1.49 12.90  9.62 291 1015.5  15.5  16.9 999.0 99.0 99.00
2013 09 13 02 50 148  1.9  2.7  1.66 12.90  9.47 286 1015.6  15.5  16.7 999.0 99.0 99.00
2013 09 13 03 50 166  2.3  2.7  1.40 12.90  9.30 283 1015.7  15.3  16.4 999.0 99.0 99.00
2013 09 13 04 50 131  2.7  3.5  1.29 12.12  9.04 278 1016.1  15.0  15.8 999.0 99.0 99.00
2013 09 13 05 50 145  2.6  3.1  1.37 12.12  9.21 296 1015.9  14.9  15.9 999.0 99.0 99.00
2013 09 13 06 50 179  2.2  2.9  1.33 12.12  9.21 289 1016.3  15.1  15.8 999.0 99.0 99.00
2013 09 13 07 50 117  1.6  2.5  1.21 11.43  8.78 292 1016.3  15.2  15.5 999.0 99.0 99.00
2013 09 13 08 50 126  3.3  3.9  1.41 11.43  9.41 288 1016.2  14.8  15.6 999.0 99.0 99.00
2013 09 13 09 50 136  3.3  3.9  1.18 11.43  9.43 289 1015.9  14.5  15.4 999.0 99.0 99.00
2013 09 13 10 50 135  3.4  4.1  1.24 10.81  9.36 294 1015.8  14.4  15.5 999.0 99.0 99.00
2013 09 13 11 50 151  2.8  3.4  1.21 10.81  9.47 283 1015.6  14.5  15.4 999.0 99.0 99.00
2013 09 13 12 50 161  2.7  3.3  1.17 11.43  9.44 280 1015.3  14.7  15.5 999.0 99.0 99.00
2013 09 13 13 50 200  2.0  2.4  1.30 10.81  9.57 280 1015.4  15.0  15.5 999.0 99.0 99.00
2013 09 13 14 50 192  2.0  2.4  1.25 10.00  9.28 305 1015.4  15.2  15.5 999.0 99.0 99.00
2013 09 13 15 50 199  1.4  1.8  1.25 10.81  9.22 288 1015.3  15.4  15.4 999.0 99.0 99.00
2013 09 13 16 50 242  1.2  1.9  1.31 12.12  9.14 256 1015.4  15.4  15.4 999.0 99.0 99.00
2013 09 13 17 50 258  1.3  1.7  1.22 12.12  9.09 292 1015.3  15.5  15.3 999.0 99.0 99.00
2013 09 13 18 50 247  0.4  1.1  1.30 12.12  9.03 269 1015.1  15.8  15.2 999.0 99.0 99.00
2013 09 13 19 50  90  0.6  1.2  1.17  9.09  8.40 272 1014.9  15.9  15.1 999.0 99.0 99.00
2013 09 13 20 50 303  0.7  1.1  1.20  9.09  8.46 283 1014.7  16.0  14.9 999.0 99.0 99.00
2013 09 13 21 50   8  0.4  0.7  1.09  9.09  8.11 301 1014.3  16.2  15.3 999.0 99.0 99.00
2013 09 13 22 50  42  1.2  1.7  1.15 11.43  8.44 296 1013.8  16.4  15.4 999.0 99.0 99.00
2013 09 13 23 50  29  1.9  2.3  1.12 11.43  8.43 310 1013.3  16.2  15.0 999.0 99.0 99.00
2013 09 14 00 50  19  2.4  2.8  1.02 11.43  8.12 285 1012.8  16.3  15.1 999.0 99.0 99.00
2013 09 14 01 50  11  2.0  2.3  1.14 10.81  8.24 282 1012.4  16.4  14.9 999.0 99.0 99.00
2013 09 14 02 50  28  3.0  3.5  1.05 10.81  8.07 280 1012.2  16.2  14.9 999.0 99.0 99.00
2013 09 14 03 50  19  3.1  3.7  1.03 10.81  8.13 269 1012.4  16.2  14.7 999.0 99.0 99.00
2013 09 14 04 50  28  4.9  5.8  1.16 10.81  7.86 285 1012.4  16.5  14.6 999.0 99.0 99.00
2013 09 14 05 50  12  4.5  5.8  1.11 10.00  6.63 287 1012.4  16.6  15.0 999.0 99.0 99.00
2013 09 14 06 50  16  4.9  5.6  1.12 10.00  6.57 282 1012.4  16.5  15.7 999.0 99.0 99.00
2013 09 14 07 50   4  4.3  5.7  1.13 10.00  6.60 308 1012.2  16.6  15.5 999.0 99.0 99.00
2013 09 14 08 50  11  4.9  6.0  1.23 10.00  6.75 284 1012.0  16.5  15.7 999.0 99.0 99.00
2013 09 14 09 50   6  4.9  6.1  1.15 10.00  6.52 274 1011.9  16.5  15.6 999.0 99.0 99.00
2013 09 14 10 50   8  4.9  5.7  1.34  9.09  6.82 279 1011.5  16.3  15.4 999.0 99.0 99.00
2013 09 14 11 50  26  4.7  5.8  1.15 10.00  6.15 284 1011.2  16.1  14.9 999.0 99.0 99.00
2013 09 14 12 50  36  4.6  5.2 99.00 99.00 99.00 999 1011.0  15.6  14.3 999.0 99.0 99.00
2013 09 14 13 50  44  3.5  4.2  1.17  9.09  6.35 298 1011.1  15.4  13.9 999.0 99.0 99.00
2013 09 14 14 50  26  4.6  5.6  1.20  9.09  6.20 260 1011.0  15.7  13.7 999.0 99.0 99.00
2013 09 14 15 50  29  3.9  4.9  1.11  9.09  6.10 290 1011.0  15.6  13.5 999.0 99.0 99.00
2013 09 14 16 50  51  3.4  4.0  1.07  9.09  6.43 274 1010.9  15.3  13.5 999.0 99.0 99.00
2013 09 14 17 50  28  4.3  5.2  1.15  9.09  6.62 277 1010.8  15.8  13.6 999.0 99.0 99.00
2013 09 14 18 50  45  4.3  5.2  1.01  9.09  6.45 282 1010.5  15.4  13.7 999.0 99.0 99.00
2013 09 14 19 50  50  3.6  4.1  0.98  8.33  6.78 284 1010.3  15.3  13.8 999.0 99.0 99.00
2013 09 14 20 50  27  4.0  4.7  0.98 10.00  6.72 287 1010.0  15.9  13.9 999.0 99.0 99.00
2013 09 14 21 50  21  4.5  5.1  1.00  8.33  6.53 273 1009.7  16.0  14.1 999.0 99.0 99.00
2013 09 14 22 50  22  3.2  4.1  1.00  9.09  6.82 282 1009.4  15.9  14.0 999.0 99.0 99.00
2013 09 14 23 50 359  2.8  3.2  1.03 10.00  6.96 282 1009.1  16.0  14.0 999.0 99.0 99.00
2013 09 15 00 50 360  3.9  5.3  1.00 10.00  7.14 276 1008.8  16.4  14.1 999.0 99.0 99.00
2013 09 15 01 50  18  3.6  4.2  1.01  9.09  6.79 283 1008.6  16.1  14.1 999.0 99.0 99.00
2013 09 15 02 50  10  2.9  3.7  1.03 10.00  6.66 288 1008.7  16.1  14.0 999.0 99.0 99.00
2013 09 15 03 50 358  2.9  4.0  1.17  9.09  6.88 279 1008.9  16.3  14.0 999.0 99.0 99.00
2013 09 15 04 50  15  1.6  2.2  1.09  9.09  7.04 289 1009.1  16.4  14.1 999.0 99.0 99.00
2013 09 15 05 50 350  1.7  2.6  1.17  9.09  7.26 286 1009.1  16.3  14.1 999.0 99.0 99.00
2013 09 15 06 50 316  0.4  0.9  1.15  8.33  7.37 299 1009.3  16.3  14.1 999.0 99.0 99.00
2013 09 15 07 50 220  2.6  2.9  1.16  9.09  7.49 291 1008.9  15.0  14.0 999.0 99.0 99.00
2013 09 15 08 50 221  2.4  2.8  1.15  9.09  7.37 291 1008.7  15.0  15.4 999.0 99.0 99.00
2013 09 15 09 50 223  2.3  3.2  0.99 13.79  6.68 277 1008.5  15.3  15.9 999.0 99.0 99.00
2013 09 15 10 50 210  0.9  1.5  1.07 13.79  6.99 197 1008.6  15.4  16.0 999.0 99.0 99.00
2013 09 15 11 50 178  0.6  1.2  1.00 13.79  6.76 260 1008.6  15.4  15.9 999.0 99.0 99.00
2013 09 15 12 50 140  0.7  1.2  1.10 12.90  7.77 250 1008.2  15.3  15.7 999.0 99.0 99.00
2013 09 15 13 50 221  1.5  1.9  1.08 12.90  7.95 252 1008.4  15.4  15.3 999.0 99.0 99.00
2013 09 15 14 50 235  2.8  3.5  1.07 16.00  7.95 201 1008.7  15.2  15.5 999.0 99.0 99.00
2013 09 15 15 50 249  2.3  3.0  1.08 13.79  8.05 199 1008.7  15.3  15.3 999.0 99.0 99.00
2013 09 15 16 50 351  0.4  0.8  1.24 12.12  8.34 260 1009.1  15.5  15.3 999.0 99.0 99.00
2013 09 15 17 50 179  1.9  2.5  1.28 16.00  8.65 309 1009.5  15.2  15.3 999.0 99.0 99.00
2013 09 15 18 50 177  2.2  2.8  1.28 12.12  8.70 283 1010.0  15.3  15.3 999.0 99.0 99.00
2013 09 15 19 50 212  1.9  2.3  1.24 12.12  8.12 268 1010.2  15.3  15.3 999.0 99.0 99.00
2013 09 15 20 50 176  1.9  2.4  1.22 12.12  7.55 266 1010.6  15.3  16.1 999.0 99.0 99.00
2013 09 15 21 50 226  3.9  4.8  1.34 11.43  8.17 267 1010.9  15.2  15.8 999.0 99.0 99.00
2013 09 15 22 50 203  3.7  4.8  1.54 13.79  7.10 226 1011.4  15.0  15.7 999.0 99.0 99.00
2013 09 15 23 50 197  3.7  4.6  1.60 13.79  7.65 199 1011.5  15.0  15.6 999.0 99.0 99.00
2013 09 16 00 50 193  3.2  4.0  1.56 11.43  7.53 284 1011.5  14.9  15.6 999.0 99.0 99.00
2013 09 16 01 50 176  2.2  3.0  1.41 13.79  8.04 225 1011.5  15.1  15.5 999.0 99.0 99.00
2013 09 16 02 50 196  4.9  5.8  1.59 12.90  9.05 255 1011.4  15.7  15.5 999.0 99.0 99.00
2013 09 16 03 50 199  5.1  6.1  1.71 12.12  8.83 274 1012.0  15.6  15.2 999.0 99.0 99.00
2013 09 16 04 50 193  5.7  6.8  1.60 13.79  8.21 270 1012.3  15.4  15.1 999.0 99.0 99.00
2013 09 16 05 50 185  5.7  6.6  1.69 10.81  8.21 295 1012.3  15.4  15.6 999.0 99.0 99.00
2013 09 16 06 50 195  5.6  6.7  1.87 12.90  8.21 288 1012.7  15.5  15.7 999.0 99.0 99.00
2013 09 16 07 50 189  5.8  6.7  2.01 12.90  8.25 274 1013.0  15.1  15.5 999.0 99.0 99.00
2013 09 16 08 50 196  5.6  6.6  1.90 12.12  7.65 262 1013.3  15.5  15.3 999.0 99.0 99.00
2013 09 16 09 50 196  4.7  5.7  1.92 12.12  7.79 282 1013.8  15.3  15.3 999.0 99.0 99.00
2013 09 16 10 50 198  4.9  5.8  1.76 12.90  7.54 279 1013.9  15.3  15.4 999.0 99.0 99.00
2013 09 16 11 50 192  5.0  6.0  1.73 12.12  7.43 293 1014.1  15.4  15.4 999.0 99.0 99.00
2013 09 16 12 50 200  4.1  4.7  1.70 12.12  7.61 270 1014.2  15.4  15.3 999.0 99.0 99.00
2013 09 16 13 50 193  4.1  4.8  1.90 12.12  8.67 277 1014.1  15.4  15.4 999.0 99.0 99.00
2013 09 16 14 50 181  4.1  4.8  1.63 12.12  8.49 274 1014.7  15.3  15.3 999.0 99.0 99.00
2013 09 16 15 50 180  4.1  4.8  1.67 12.12  8.45 291 1015.0  15.3  15.3 999.0 99.0 99.00
2013 09 16 16 50 182  4.6  5.4  1.65 13.79  8.59 243 1015.2  15.4  15.1 999.0 99.0 99.00
2013 09 16 17 50 191  4.0  4.7  1.73 12.90  9.06 279 1015.5  15.4  15.5 999.0 99.0 99.00
2013 09 16 18 50 181  4.7  6.3  1.82 12.90  8.71 283 1015.9  15.3  15.6 999.0 99.0 99.00
2013 09 16 19 50 187  3.4  4.3  1.76 13.79  8.76 271 1016.1  15.6  15.7 999.0 99.0 99.00
2013 09 16 20 50 191  3.1  3.8  1.70 12.12  8.34 283 1016.1  15.8  16.1 999.0 99.0 99.00
2013 09 16 21 50 176  1.6  2.2  1.77 12.90  8.56 258 1015.9  15.8  16.0 999.0 99.0 99.00
2013 09 16 22 50 189  1.1  1.5  1.72 11.43  8.46 282 1015.6  16.1  16.1 999.0 99.0 99.00
2013 09 16 23 50 262  1.4  2.0  1.53 12.12  8.12 294 1015.1  16.5  16.2 999.0 99.0 99.00
2013 09 17 00 50 274  0.5  0.9  1.54 11.43  8.01 292 1014.7  16.2  16.1 999.0 99.0 99.00
2013 09 17 01 50 350  3.6  4.3  1.69 10.81  8.07 291 1014.5  16.3  16.0 999.0 99.0 99.00
2013 09 17 02 50  26  2.5  3.1  1.59 12.12  8.24 289 1014.2  15.9  15.9 999.0 99.0 99.00
2013 09 17 03 50 352  1.9  2.2  1.49 10.81  8.22 284 1014.3  15.9  15.8 999.0 99.0 99.00
2013 09 17 04 50 339  2.4  2.9  1.42 10.00  8.15 289 1014.0  16.1  15.6 999.0 99.0 99.00
2013 09 17 05 50   4  4.2  4.9  1.37 11.43  8.06 294 1013.7  16.4  15.8 999.0 99.0 99.00
2013 09 17 06 50 360  5.3  6.1  1.44 11.43  7.66 281 1013.6  16.4  15.8 999.0 99.0 99.00
2013 09 17 07 50  10  6.3  7.3  1.50 11.43  7.10 269 1013.3  16.4  15.7 999.0 99.0 99.00
2013 09 17 08 50   4  5.9  6.8  1.64 11.43  6.91 298 1013.2  16.4  15.5 999.0 99.0 99.00
2013 09 17 09 50   9  4.9  5.8  1.57 12.12  6.48 287 1013.0  16.3  15.7 999.0 99.0 99.00
2013 09 17 10 50  11  5.8  7.1  1.82 10.00  6.70 291 1013.3  16.2  15.7 999.0 99.0 99.00
2013 09 17 11 50  16  5.6  6.6  1.84 12.12  6.47 286 1013.0  15.9  15.6 999.0 99.0 99.00
2013 09 17 12 50   5  4.2  4.9  1.74 12.12  6.58 293 1013.2  15.9  15.4 999.0 99.0 99.00
2013 09 17 13 50 356  4.3  5.1  1.69 12.12  6.64 269 1013.1  15.8  15.3 999.0 99.0 99.00
2013 09 17 14 50 348  4.0  4.7  1.91 10.81  7.07 276 1013.2  15.8  15.3 999.0 99.0 99.00
2013 09 17 15 50 357  3.8  4.5  1.82 11.43  7.04 302 1012.9  15.7  15.3 999.0 99.0 99.00
2013 09 17 16 50 348  2.0  2.4  1.67 11.43  6.79 292 1013.4  15.6  15.3 999.0 99.0 99.00
2013 09 17 17 50 330  0.8  1.2  1.80 11.43  7.00 309 1013.7  15.6  15.3 999.0 99.0 99.00
2013 09 17 18 50 273  1.5  2.0  1.56 10.81  6.57 294 1013.9  15.9  15.6 999.0 99.0 99.00
2013 09 17 19 50 309  2.4  3.3  1.60 11.43  6.68 290 1014.3  16.2  15.7 999.0 99.0 99.00
2013 09 17 20 50 280  2.4  3.6  1.59 10.81  6.78 291 1014.6  16.4  16.0 999.0 99.0 99.00
2013 09 17 21 50 275  3.5  4.1 99.00 99.00 99.00 999 1015.0  15.0  15.9 999.0 99.0 99.00
2013 09 17 22 50 244  2.2  2.7  1.57 10.81  7.18 285 1015.3  16.2  16.1 999.0 99.0 99.00
2013 09 17 23 50 302  2.7  3.4  1.54 10.00  7.18 293 1015.6  16.4  16.1 999.0 99.0 99.00
2013 09 18 00 50 291  3.3  4.3  1.66 10.00  7.33 292 1015.8  16.6  16.0 999.0 99.0 99.00
2013 09 18 01 50 180  0.1  0.5  1.82 10.00  7.47 291 1016.0  15.8  15.9 999.0 99.0 99.00
2013 09 18 02 50 322  1.5  2.4  1.73 10.81  7.65 299 1016.1  16.0  15.7 999.0 99.0 99.00
2013 09 18 03 50 278  2.1  2.6  1.99 10.81  7.82 291 1016.8  15.8  15.5 999.0 99.0 99.00
2013 09 18 04 50 290  1.3  1.9  2.03 10.81  8.04 299 1017.1  16.1  15.4 999.0 99.0 99.00
2013 09 18 05 50 266  2.9  3.7  2.01 11.43  8.09 295 1017.2  16.1  15.4 999.0 99.0 99.00
2013 09 18 06 50 299  2.8  3.9  2.02  9.09  7.78 300 1017.4  16.0  15.4 999.0 99.0 99.00
2013 09 18 07 50 316  2.0  2.5  2.27 10.81  7.95 279 1017.7  15.7  15.2 999.0 99.0 99.00
2013 09 18 08 50 285  2.4  3.0  2.19 10.81  7.81 285 1018.1  15.6  15.0 999.0 99.0 99.00
2013 09 18 09 50 340  4.1  5.3  1.97 10.81  7.64 304 1018.3  15.4  14.8 999.0 99.0 99.00
2013 09 18 10 50 309  4.3  5.8  2.05 10.81  7.47 297 1018.4  15.6  15.0 999.0 99.0 99.00
2013 09 18 11 50 311  1.8  2.5  2.02 10.81  7.27 303 1018.6  15.7  15.1 999.0 99.0 99.00
2013 09 18 12 50 254  1.2  1.8  1.93 10.81  7.45 293 1018.6  15.3  15.1 999.0 99.0 99.00
2013 09 18 13 50 197  0.6  1.0  2.09 10.81  7.69 310 1018.7  15.6  14.8 999.0 99.0 99.00
2013 09 18 14 50 211  0.4  0.9  1.92 10.81  7.34 296 1019.1  15.5  14.9 999.0 99.0 99.00
2013 09 18 15 50 181  2.3  2.9  1.85 10.81  7.48 295 1019.1  15.4  15.0 999.0 99.0 99.00
2013 09 18 16 50 170  2.0  3.1  1.79 10.81  7.08 297 1019.5  15.5  15.2 999.0 99.0 99.00
2013 09 18 17 50 188  3.7  4.6  1.78 10.81  7.31 293 1019.6  15.3  15.2 999.0 99.0 99.00
2013 09 18 18 50 206  3.0  3.7  1.79 10.81  7.47 301 1019.4  14.2  15.4 999.0 99.0 99.00
2013 09 18 19 50 219  2.0  2.6  2.12 10.81  8.20 297 1019.3  15.3  15.5 999.0 99.0 99.00
2013 09 18 20 50 282  1.0  1.8  2.14 10.81  7.98 301 1019.0  15.7  16.0 999.0 99.0 99.00
2013 09 18 21 50 328  1.6  2.3  2.18 10.81  8.18 303 1018.5  15.9  16.2 999.0 99.0 99.00
2013 09 18 22 50 328  2.6  3.4  2.15 10.00  7.94 306 1018.4  16.0  15.9 999.0 99.0 99.00
2013 09 18 23 50 337  2.2  2.8  1.94 10.81  7.90 301 1018.2  16.1  15.7 999.0 99.0 99.00
2013 09 19 00 50   7  2.3  3.0  2.04 10.81  7.81 299 1017.6  16.3  15.6 999.0 99.0 99.00
2013 09 19 01 50  22  3.2  3.9  2.28 10.81  8.34 311 1017.3  16.1  15.6 999.0 99.0 99.00
2013 09 19 02 50  17  3.3  3.9  2.21  9.09  8.02 303 1017.4  15.9  15.1 999.0 99.0 99.00
2013 09 19 03 50  28  3.8  4.4  2.17 10.00  7.99 303 1017.4  15.9  15.0 999.0 99.0 99.00
2013 09 19 04 50  37  3.5  4.0  2.06 10.00  7.73 309 1016.9  15.7  15.1 999.0 99.0 99.00
2013 09 19 05 50  33  3.8  4.3  1.87 10.00  7.52 304 1016.3  15.6  15.2 999.0 99.0 99.00
2013 09 19 06 50  51  2.8  3.4  1.82 10.00  7.67 307 1016.0  15.3  15.1 999.0 99.0 99.00
2013 09 19 07 50  54  2.8  3.4  1.97 10.00  7.89 307 1015.4  15.2  15.1 999.0 99.0 99.00
2013 09 19 08 50  52  1.7  2.2  1.51 10.81  7.46 315 1015.2  14.9  15.1 999.0 99.0 99.00
2013 09 19 09 50  66  3.0  3.5  1.72 10.00  7.78 308 1014.6  14.9  15.0 999.0 99.0 99.00
2013 09 19 10 50  88  3.1  4.0  1.67 10.81  7.92 323 1014.1  15.4  15.1 999.0 99.0 99.00
2013 09 19 11 50  87  5.1  6.1  1.61 10.00  8.02 315 1013.7  15.3  15.2 999.0 99.0 99.00
2013 09 19 12 50  97  4.1  5.0  1.41 10.81  7.90 320 1013.4  15.0  15.1 999.0 99.0 99.00
2013 09 19 13 50  99  4.0  4.8  1.41 10.81  7.78 309 1013.3  15.0  15.1 999.0 99.0 99.00
2013 09 19 14 50 109  3.4  4.1  1.39 10.00  7.93 310 1013.1  15.1  15.1 999.0 99.0 99.00
2013 09 19 15 50 134  2.2  2.9  1.30 10.00  7.78 314 1013.0  15.3  15.0 999.0 99.0 99.00
2013 09 19 16 50 135  3.0  3.7  1.14  9.09  7.45 321 1013.0  15.1  15.0 999.0 99.0 99.00
2013 09 19 17 50 146  2.8  3.5  1.19 10.00  7.65 310 1012.7  15.1  15.0 999.0 99.0 99.00
2013 09 19 18 50 158  2.4  3.0  0.99 10.00  6.93 308 1012.6  15.2  15.1 999.0 99.0 99.00
2013 09 19 19 50 191  2.8  3.4  0.95 10.00  6.94 292 1012.3  15.5  15.5 999.0 99.0 99.00
2013 09 19 20 50 199  4.5  5.5  0.87  7.69  7.08 299 1012.1  15.8  15.5 999.0 99.0 99.00
2013 09 19 21 50 212  4.3  5.2  0.81 10.00  6.42 319 1011.8  15.6  15.5 999.0 99.0 99.00
2013 09 19 22 50 209  3.7  4.3  0.78  9.09  5.93 297 1011.5  15.7  15.5 999.0 99.0 99.00
2013 09 19 23 50 200  3.6  4.4  0.71  8.33  6.06 280 1011.1  15.9  15.5 999.0 99.0 99.00
2013 09 20 00 50 175  2.8  3.2  0.68  7.69  6.25 272 1010.6  15.9  15.5 999.0 99.0 99.00
2013 09 20 01 50 158  3.6  4.2  0.67  8.33  6.12 286 1010.2  15.8  15.7 999.0 99.0 99.00
2013 09 20 02 50 152  3.7  4.2  0.66  7.69  6.10 260 1009.7  15.7  16.1 999.0 99.0 99.00
2013 09 20 03 50 162  4.7  5.5  0.73 14.81  6.48 282 1010.0  14.6  16.1 999.0 99.0 99.00
2013 09 20 04 50 173  5.1  5.7 99.00 99.00 99.00 999 1009.8  14.7  16.2 999.0 99.0 99.00
2013 09 20 05 50 168  5.5  6.4  0.88 13.79  5.45 257 1009.4  15.3  16.3 999.0 99.0 99.00
2013 09 20 06 50 170  5.6  6.8  1.20 12.90  6.43 273 1009.0  15.6  16.0 999.0 99.0 99.00
2013 09 20 07 50 165  5.8  6.7  1.49 12.12  6.72 268 1008.5  15.8  15.7 999.0 99.0 99.00
2013 09 20 08 50 159  6.5  7.6  2.14 12.90  8.03 264 1008.0  16.0  15.7 999.0 99.0 99.00
2013 09 20 09 50 170  5.5  6.4  2.19 12.90  8.04 274 1007.7  15.9  15.8 999.0 99.0 99.00
2013 09 20 10 50 171  5.3  6.4  2.41 10.81  8.20 265 1007.2  15.7  15.8 999.0 99.0 99.00
2013 09 20 11 50 163  5.9  7.1  2.52 12.12  8.60 267 1006.3  15.7  15.6 999.0 99.0 99.00
2013 09 20 12 50 160  7.4  8.8  2.52 12.90  8.37 269 1005.8  15.7  15.4 999.0 99.0 99.00
2013 09 20 13 50 176  7.3  8.8  2.55 12.90  7.98 265 1005.5  15.6  15.2 999.0 99.0 99.00
2013 09 20 14 50 168  8.8 10.3  2.27 12.12  7.18 263 1005.3  14.4  15.3 999.0 99.0 99.00
2013 09 20 15 50 165  7.4  8.5  2.50 12.90  7.48 258 1004.9  14.5  15.4 999.0 99.0 99.00
2013 09 20 16 50 166  7.3  8.5  2.17 12.90  7.00 271 1004.8  14.7  15.8 999.0 99.0 99.00
2013 09 20 17 50 186  8.1 10.1  2.06 12.90  6.65 278 1005.4  14.7  15.7 999.0 99.0 99.00
2013 09 20 18 50 197  6.8  9.3  2.13 12.90  6.67 290 1005.5  15.5  15.8 999.0 99.0 99.00
2013 09 20 19 50 179  7.1  9.3  2.06 12.12  6.98 257 1005.0  15.2  15.8 999.0 99.0 99.00
2013 09 20 20 50 168  8.4 10.2  2.27 12.90  7.34 266 1004.8  15.0  15.6 999.0 99.0 99.00
2013 09 20 21 50 173  8.9 10.7  2.00 13.79  6.69 269 1004.8  15.2  15.5 999.0 99.0 99.00
2013 09 20 22 50 172  9.5 11.4  2.82 12.90  7.80 277 1004.6  15.0  15.4 999.0 99.0 99.00
2013 09 20 23 50 171  9.1 10.5  3.13 12.12  8.30 271 1004.9  15.2  15.4 999.0 99.0 99.00
2013 09 21 00 50 187  6.7  8.2  3.74 12.90  8.91 276 1005.0  15.6  15.4 999.0 99.0 99.00
2013 09 21 01 50 180  6.1  7.2  3.47 12.90  9.01 263 1005.0  15.7  15.5 999.0 99.0 99.00
2013 09 21 02 50 179  6.1  7.3  3.37 12.12  8.83 271 1005.2  15.8  15.5 999.0 99.0 99.00
2013 09 21 03 50 182  5.5  6.6  3.03 12.90  8.54 266 1005.5  15.8  15.8 999.0 99.0 99.00
2013 09 21 04 50 192  4.7  6.0  2.79 12.90  8.67 274 1005.9  15.8  15.7 999.0 99.0 99.00
2013 09 21 05 50 184  4.7  5.9  2.59 11.43  8.37 285 1005.3  15.9  15.6 999.0 99.0 99.00
2013 09 21 06 50 175  3.6  4.5  2.70 12.12  8.53 276 1005.2  15.7  15.6 999.0 99.0 99.00
2013 09 21 07 50 185  4.6  5.7  2.64 12.90  8.58 283 1005.4  15.8  15.8 999.0 99.0 99.00
2013 09 21 08 50 178  4.3  5.4  2.70 12.90  8.64 271 1005.3  15.8  15.9 999.0 99.0 99.00
2013 09 21 09 50 169  4.8  6.1  3.08 12.90  9.11 293 1005.2  15.7  15.9 999.0 99.0 99.00
2013 09 21 10 50 162  4.9  6.3  2.91 12.90  8.98 274 1005.1  15.3  15.8 999.0 99.0 99.00
2013 09 21 12 50 206  4.4  5.8  2.61 12.90  8.29 287 1005.1  13.9  15.5 999.0 99.0 99.00
2013 09 21 13 50 170  5.5  6.4  2.80 12.90  8.77 297 1005.2  14.9  15.4 999.0 99.0 99.00
2013 09 21 14 50 155  6.2  8.0  2.78 10.81  8.87 276 1005.5  14.7  15.4 999.0 99.0 99.00
2013 09 21 15 50 178  6.7  8.0  2.19 12.12  7.84 281 1005.8  14.9  15.4 999.0 99.0 99.00
2013 09 21 16 50 189  6.2  7.7  2.86 12.12  9.03 284 1006.5  14.8  15.4 999.0 99.0 99.00
2013 09 21 17 50 188  5.0  6.4  2.65 11.43  8.34 290 1006.7  15.0  15.5 999.0 99.0 99.00
2013 09 21 18 50 242  4.4  5.8  2.83 12.12  8.81 286 1007.1  14.8  15.5 999.0 99.0 99.00
2013 09 21 19 50 209  4.5  5.3  3.24 11.43  9.20 289 1007.2  15.4  15.6 999.0 99.0 99.00
2013 09 21 20 50 228  3.2  4.3  2.97 11.43  8.98 290 1007.4  15.7  15.9 999.0 99.0 99.00
2013 09 21 21 50 231  2.3  3.5  2.79 10.00  8.73 294 1007.5  15.7  16.1 999.0 99.0 99.00
2013 09 21 22 50 248  3.1  4.6  2.81 10.81  8.57 301 1007.7  16.2  16.3 999.0 99.0 99.00
2013 09 21 23 50 221  2.7  3.4  2.94 10.81  8.88 300 1007.8  16.3  16.3 999.0 99.0 99.00
2013 09 22 00 50 213  2.8  3.8  2.74 11.43  8.72 290 1008.3  16.2  16.4 999.0 99.0 99.00
2013 09 22 01 50 258  5.3  7.9  2.75 12.12  8.82 298 1008.4  15.7  16.4 999.0 99.0 99.00
2013 09 22 02 50 224  2.2  3.0  2.64 12.12  8.95 296 1008.5  16.1  16.3 999.0 99.0 99.00
2013 09 22 03 50 255  1.6  2.1  2.23 11.43  8.47 297 1008.9  16.2  16.3 999.0 99.0 99.00
2013 09 22 04 50 235  2.8  3.5  2.11 11.43  8.51 292 1009.1  16.0  16.3 999.0 99.0 99.00
2013 09 22 05 50 215  2.1  3.0  1.99 11.43  8.06 307 1009.4  16.0  16.3 999.0 99.0 99.00
2013 09 22 06 50 215  1.6  2.2  1.98 11.43  7.94 287 1009.3  15.9  16.2 999.0 99.0 99.00
2013 09 22 07 50 249  5.0  5.8  2.16 12.12  8.30 291 1009.6  16.4  16.2 999.0 99.0 99.00
2013 09 22 08 50 229  5.6  6.6  2.27 11.43  8.09 297 1009.2  16.4  16.1 999.0 99.0 99.00
2013 09 22 09 50 215  6.4  7.8  2.33 12.12  7.70 309 1009.0  16.5  16.1 999.0 99.0 99.00
2013 09 22 10 50 210  7.8  9.7  2.78 10.81  7.99 294 1008.7  16.5  16.1 999.0 99.0 99.00
2013 09 22 11 50 198  8.3 12.4  2.98 11.43  7.72 305 1008.3  15.8  16.0 999.0 99.0 99.00
2013 09 22 12 50 195 11.1 13.9  2.72 10.81  6.98 284 1007.9  15.5  15.9 999.0 99.0 99.00
2013 09 22 13 50 209 12.4 14.7  2.97 11.43  6.94 295 1007.3  16.1  15.7 999.0 99.0 99.00
2013 09 22 14 50 196 12.8 16.3  3.29 11.43  6.61 284 1007.0  15.7  15.6 999.0 99.0 99.00
2013 09 22 15 50 199 15.5 19.2  3.31 10.81  6.29 283 1006.3  15.9  15.7 999.0 99.0 99.00
2013 09 22 16 50 194 15.4 18.6  3.60 11.43  6.43 280 1006.0  15.0  15.5 999.0 99.0 99.00
2013 09 22 17 50 195 16.3 20.0  3.74  7.14  6.34 223 1005.1  14.5  14.9 999.0 99.0 99.00
2013 09 22 19 50 201 17.2 21.0  4.50  8.33  6.65 219 1004.4  14.3  15.0 999.0 99.0 99.00
2013 09 22 20 50 209 15.9 19.2  4.77  8.33  6.79 221 1004.9  14.6  14.9 999.0 99.0 99.00
2013 09 22 21 50 229  6.8  8.3  4.83  9.09  7.28 219 1006.0  16.6  15.1 999.0 99.0 99.00
2013 09 22 22 50 266  6.1  7.7  4.15  9.09  7.21 217 1007.2  17.0  15.4 999.0 99.0 99.00
2013 09 22 23 50 272  4.9  6.1  3.69  9.09  7.32 218 1007.9  17.1  15.6 999.0 99.0 99.00
2013 09 23 00 50 263  4.3  5.2  3.43  9.09  7.37 216 1008.6  17.0  15.7 999.0 99.0 99.00
2013 09 23 01 50 246  5.6  7.1  3.39  9.09  7.56 224 1009.2  17.0  15.7 999.0 99.0 99.00
2013 09 23 02 50 227  6.5  8.3  3.47 10.00  7.84 285 1009.7  16.7  15.3 999.0 99.0 99.00
2013 09 23 03 50 248  6.4  7.5  2.97 10.81  7.31 301 1010.4  17.0  15.6 999.0 99.0 99.00
2013 09 23 04 50 237  6.4  7.7  3.37 10.81  7.72 290 1010.9  16.9  15.9 999.0 99.0 99.00
2013 09 23 05 50 220  5.5  6.7  3.41 10.81  7.93 295 1011.5  16.6  15.9 999.0 99.0 99.00
2013 09 23 06 50 209  5.2  6.5  3.22 10.81  7.72 290 1011.6  16.5  15.8 999.0 99.0 99.00
2013 09 23 07 50 221  6.8  8.0  3.33 10.81  7.62 293 1011.9  16.5  15.8 999.0 99.0 99.00
2013 09 23 08 50 239  6.9  8.7  3.38 10.81  7.64 281 1012.2  16.5  15.7 999.0 99.0 99.00
2013 09 23 09 50 223  6.4  7.8  3.47 11.43  7.63 308 1012.2  16.4  15.5 999.0 99.0 99.00
2013 09 23 10 50 217  8.0  9.1  3.27 10.81  7.25 291 1012.4  16.3  15.3 999.0 99.0 99.00
2013 09 23 11 50 260  5.6  8.9  3.51 10.81  7.15 291 1013.3  14.9  15.2 999.0 99.0 99.00
2013 09 23 12 50 251  5.3  7.2  3.52 10.81  7.20 287 1012.9  16.2  15.2 999.0 99.0 99.00
2013 09 23 13 50 245  4.0  5.2  3.74 13.79  7.92 286 1013.2  16.3  15.2 999.0 99.0 99.00
2013 09 23 14 50 193  5.8  7.9  4.56 16.00  9.41 296 1013.9  15.4  16.0 999.0 99.0 99.00
2013 09 23 15 50 211  4.2  5.2  4.32 17.39  9.60 305 1013.9  16.4  16.3 999.0 99.0 99.00
2013 09 23 16 50 249  3.3  4.9  5.15 14.81 10.12 301 1014.6  16.5  16.2 999.0 99.0 99.00
2013 09 23 17 50 295  6.6  9.3  4.95 16.00 10.32 305 1014.8  15.1  15.9 999.0 99.0 99.00
2013 09 23 18 50 242  2.2  3.4  5.35 16.00 11.47 307 1015.3  15.5  15.5 999.0 99.0 99.00
2013 09 23 19 50 218  3.6  4.8  5.27 16.00 11.25 305 1015.5  16.2  15.5 999.0 99.0 99.00
2013 09 23 20 50 225  4.6  5.8  4.73 16.00 10.61 307 1015.6  16.4  15.8 999.0 99.0 99.00
2013 09 23 21 50 289  7.6 10.1  4.84 16.00 10.52 294 1015.8  14.0  15.7 999.0 99.0 99.00
2013 09 23 22 50 315  4.0  6.4  4.53 14.81 10.32 293 1015.8  13.9  15.6 999.0 99.0 99.00
2013 09 23 23 50 284  1.9  3.2  4.49 16.00 10.12 320 1016.0  14.5  15.8 999.0 99.0 99.00
2013 09 24 00 50 209  1.8  2.8  4.11 14.81  9.99 291 1016.1  14.7  15.9 999.0 99.0 99.00
2013 09 24 01 50 209  2.1  3.3  3.92 12.90  9.78 292 1016.2  15.0  15.9 999.0 99.0 99.00
2013 09 24 02 50 160  3.3  5.0  4.40 14.81  9.94 280 1016.3  14.7  15.8 999.0 99.0 99.00
2013 09 24 03 50 172  3.3  5.8  4.47 12.90 10.13 284 1016.5  14.8  15.6 999.0 99.0 99.00
2013 09 24 04 50 177  4.0  5.6  4.56 13.79 10.23 291 1016.3  15.1  15.4 999.0 99.0 99.00
2013 09 24 05 50 335  4.7  6.7  4.89 13.79 10.38 290 1016.3  13.8  15.9 999.0 99.0 99.00
2013 09 24 06 50 318  3.1  4.5  4.78 14.81 10.74 299 1016.3  13.4  15.9 999.0 99.0 99.00
2013 09 24 07 50 204  0.3  1.6  4.84 14.81 10.61 295 1015.9  13.2  15.5 999.0 99.0 99.00
2013 09 24 08 50 271  0.7  2.0  5.46 16.00 10.80 298 1015.6  12.8  15.3 999.0 99.0 99.00
2013 09 24 09 50  60  3.3  5.7  5.41 14.81 10.89 309 1015.2  12.9  15.1 999.0 99.0 99.00
2013 09 24 10 50  49  2.0  4.1  5.75 13.79 11.34 305 1014.8  13.1  15.6 999.0 99.0 99.00
2013 09 24 11 50  28  1.5  2.8  4.12 14.81 10.35 310 1014.7  13.7  15.8 999.0 99.0 99.00
2013 09 24 12 50 169  1.8  3.6  4.68 14.81 10.94 300 1014.5  13.9  15.8 999.0 99.0 99.00
2013 09 24 13 50  41  3.7  5.1  4.25 14.81 10.91 302 1014.6  12.8  15.8 999.0 99.0 99.00
2013 09 24 14 50 131  4.2  6.4  4.21 12.12 11.04 295 1014.6  13.1  15.8 999.0 99.0 99.00
2013 09 24 15 50 157  4.9  7.1  3.88 14.81 11.02 283 1014.6  13.9  15.5 999.0 99.0 99.00
2013 09 24 16 50 223  5.0  8.5  3.62 14.81 11.04 288 1014.8  14.2  15.6 999.0 99.0 99.00
2013 09 24 17 50 214  1.8  2.7  4.13 13.79 10.90 291 1014.6  14.7  15.6 999.0 99.0 99.00
2013 09 24 18 50 266  7.5  9.3  4.36 14.81 11.48 298 1014.4  14.1  15.7 999.0 99.0 99.00
2013 09 24 19 50 236  9.3 10.7  4.17 14.81 10.41 292 1014.1  13.8  15.6 999.0 99.0 99.00
2013 09 24 20 50 244  6.4  7.5  4.16 13.79 10.45 286 1013.8  14.5  15.4 999.0 99.0 99.00
2013 09 24 21 50 286  4.7  6.7  4.46 13.79 10.23 300 1013.5  14.0  15.3 999.0 99.0 99.00
2013 09 24 22 50 251  8.0  9.6  4.20 12.90  9.45 293 1013.3  14.2  15.3 999.0 99.0 99.00
2013 09 24 23 50 294  3.5  5.4  5.00 14.81 10.00 304 1013.1  13.5  15.4 999.0 99.0 99.00
2013 09 25 00 50 340  3.5  5.5  5.09 13.79 10.83 302 1012.8  13.2  15.7 999.0 99.0 99.00
2013 09 25 01 50  89  1.1  3.0  4.18 13.79 10.00 303 1012.4  13.4  16.0 999.0 99.0 99.00
2013 09 25 02 50 354  6.9  9.1  4.35 12.12  9.92 312 1012.6  12.4  16.0 999.0 99.0 99.00
2013 09 25 03 50 352  3.8  6.1  4.17 14.81  9.84 311 1012.9  13.2  16.1 999.0 99.0 99.00
2013 09 25 04 50 312  3.7  6.0  4.14 14.81 10.13 314 1012.9  13.5  16.1 999.0 99.0 99.00
2013 09 25 05 50 344  7.5  9.3  3.60 14.81 10.15 306 1012.8  13.5  16.1 999.0 99.0 99.00
2013 09 25 06 50 337  6.8  8.5  3.93 14.81 10.25 313 1012.5  13.7  16.0 999.0 99.0 99.00
2013 09 25 07 50 292  5.0  6.9  3.09 13.79  9.14 313 1012.5  13.2  16.0 999.0 99.0 99.00
2013 09 25 08 50 350  4.7  7.5  2.82 13.79  9.41 301 1012.5  12.8  16.0 999.0 99.0 99.00
2013 09 25 09 50  66  3.1  4.5  3.29 14.81  9.70 307 1012.6  12.5  16.0 999.0 99.0 99.00
2013 09 25 10 50 154  1.3  2.7  3.59 13.79 10.04 314 1012.5  12.5  15.8 999.0 99.0 99.00
2013 09 25 11 50 105  1.3  3.9  3.08 13.79  9.10 310 1012.6  11.3  15.7 999.0 99.0 99.00
2013 09 25 12 50 287  2.2  4.4  3.55 13.79  9.86 315 1012.9  12.3  15.7 999.0 99.0 99.00
2013 09 25 13 50  40  4.1  5.3  3.58 12.90  9.31 317 1013.7  11.1  15.7 999.0 99.0 99.00
2013 09 25 14 50  66  0.7  3.0  3.58 12.90  9.28 312 1014.1  11.3  15.6 999.0 99.0 99.00
2013 09 25 15 50 119  0.6  2.0  4.22 12.90  9.16 312 1014.5  11.8  15.4 999.0 99.0 99.00
2013 09 25 16 50 267  1.3  3.2  3.62 12.90  9.09 312 1014.8  12.4  15.6 999.0 99.0 99.00
2013 09 25 17 50 336  5.2  7.5  3.23 12.90  8.65 305 1015.3  11.1  15.6 999.0 99.0 99.00
2013 09 25 18 50 313  2.5  4.2  3.86 12.90  9.41 314 1015.6  12.4  15.7 999.0 99.0 99.00
2013 09 25 19 50 289  2.5  3.8  3.39 12.12  8.86 307 1015.8  12.9  16.1 999.0 99.0 99.00
2013 09 25 20 50 272  3.2  4.3  3.01 11.43  8.43 308 1015.9  13.4  16.3 999.0 99.0 99.00
2013 09 25 21 50 317  2.2  4.1  3.06 12.90  8.75 307 1015.9  14.3  16.3 999.0 99.0 99.00
2013 09 25 22 50 346  5.1  6.8  3.02 13.79  8.89 309 1016.3  14.7  16.3 999.0 99.0 99.00
2013 09 25 23 50 347  4.6  6.2  2.78 12.12  8.52 312 1016.4  14.6  16.4 999.0 99.0 99.00
2013 09 26 00 50 346  5.0  6.5  2.98 13.79  8.63 312 1016.7  15.0  16.5 999.0 99.0 99.00
2013 09 26 01 50   5  5.9  7.3  2.80 12.90  8.55 308 1016.9  15.0  16.5 999.0 99.0 99.00
2013 09 26 02 50   3  6.8  7.9  2.94 12.90  8.80 310 1017.4  14.8  16.5 999.0 99.0 99.00
2013 09 26 03 50  10  6.8  8.3  3.02 12.90  8.35 313 1017.9  14.9  16.4 999.0 99.0 99.00
2013 09 26 04 50  12  6.9  8.7  2.82 12.90  8.40 316 1018.3  15.0  16.3 999.0 99.0 99.00
2013 09 26 05 50   9  6.1  7.5  3.08 12.90  8.44 316 1018.6  14.9  16.3 999.0 99.0 99.00
2013 09 26 06 50  22  5.6  6.8  3.06 12.12  8.24 312 1018.4  15.0  16.3 999.0 99.0 99.00
2013 09 26 07 50  19  5.3  6.5  2.95 12.12  8.32 311 1018.4  15.0  16.3 999.0 99.0 99.00
2013 09 26 08 50  23  4.2  5.5  2.90 12.12  7.97 305 1018.5  14.8  16.3 999.0 99.0 99.00
2013 09 26 09 50  22  3.8  4.9  3.04 11.43  8.21 321 1018.6  14.8  16.3 999.0 99.0 99.00
2013 09 26 10 50  14  3.0  3.9  3.01 10.81  7.85 314 1018.4  14.8  16.4 999.0 99.0 99.00
2013 09 26 11 50  43  2.8  3.7  2.96 11.43  7.57 313 1018.4  14.8  16.4 999.0 99.0 99.00
2013 09 26 12 50  65  2.1  3.3  3.01 10.81  7.77 308 1018.6  14.6  16.5 999.0 99.0 99.00
2013 09 26 13 50 112  2.2  3.9  2.98 10.81  7.87 311 1018.7  14.2  16.4 999.0 99.0 99.00
2013 09 26 14 50  71  1.2  2.1  2.96 10.81  7.73 314 1019.0  14.1  16.1 999.0 99.0 99.00
2013 09 26 15 50  92  1.3  2.7  2.67 12.12  7.36 314 1019.5  14.6  16.2 999.0 99.0 99.00
2013 09 26 16 50  61  1.1  2.3  2.47 10.81  7.21 299 1020.1  15.2  16.3 999.0 99.0 99.00
2013 09 26 17 50  52  0.6  1.3  2.36 10.81  7.74 307 1020.4  15.2  16.4 999.0 99.0 99.00
2013 09 26 18 50 147  0.2  1.0  2.32 12.12  7.74 321 1020.7  15.5  16.5 999.0 99.0 99.00
2013 09 26 19 50 119  0.1  0.6  2.40 10.81  7.85 312 1020.7  15.9  17.0 999.0 99.0 99.00
2013 09 26 20 50  12  2.1  3.4  2.07 12.12  7.91 324 1020.9  15.6  17.2 999.0 99.0 99.00
2013 09 26 21 50 353  3.9  4.9  1.96  9.09  7.46 306 1020.9  15.8  17.2 999.0 99.0 99.00
2013 09 26 22 50 345  3.7  4.8  1.94 10.81  7.38 308 1020.8  15.9  17.0 999.0 99.0 99.00
2013 09 26 23 50 334  4.5  5.7  2.09  9.09  7.47 316 1021.0  16.0  16.9 999.0 99.0 99.00
2013 09 27 00 50 337  4.9  6.1  2.04 10.00  7.18 326 1020.9  16.0  16.7 999.0 99.0 99.00
2013 09 27 01 50 335  4.5  5.4  2.27  9.09  7.12 315 1021.2  15.9  16.6 999.0 99.0 99.00
2013 09 27 02 50 338  3.2  4.1  2.61 10.00  7.33 314 1021.7  15.8  16.5 999.0 99.0 99.00
2013 09 27 03 50 345  2.8  4.0  2.70 10.00  7.31 316 1022.1  15.8  16.3 999.0 99.0 99.00
2013 09 27 04 50 348  2.0  2.8  2.70 10.00  7.08 313 1022.5  15.8  16.2 999.0 99.0 99.00
2013 09 27 05 50 274  3.0  4.4  2.51  8.33  6.73 317 1022.6  15.5  16.2 999.0 99.0 99.00
2013 09 27 06 50 347  2.8  3.8  2.10 10.00  6.64 307 1022.6  15.8  16.2 999.0 99.0 99.00
2013 09 27 07 50 346  2.1  3.0  1.89 10.00  6.57 314 1022.4  15.7  16.1 999.0 99.0 99.00
2013 09 27 08 50 293  1.1  2.0  1.84  9.09  6.88 313 1022.4  15.7  16.3 999.0 99.0 99.00
2013 09 27 09 50 294  3.9  4.9  1.56  9.09  6.73 315 1022.2  15.8  16.4 999.0 99.0 99.00
2013 09 27 10 50 276  3.2  4.0  1.68  9.09  7.09 305 1021.6  15.6  16.4 999.0 99.0 99.00
2013 09 27 11 50 258  4.2  5.1  1.44 10.00  6.76 309 1021.3  15.6  16.4 999.0 99.0 99.00
2013 09 27 12 50 213  4.2  5.4  1.42  9.09  6.68 325 1020.5  15.5  16.3 999.0 99.0 99.00
2013 09 27 13 50 213  5.2  6.3  1.52 10.00  6.94 319 1020.8  15.6  16.3 999.0 99.0 99.00
2013 09 27 14 50 202  6.5  8.0  1.41  9.09  6.18 303 1020.3  15.5  16.3 999.0 99.0 99.00
2013 09 27 15 50 203  7.8  9.5  1.43  8.33  5.51 307 1020.1  15.5  16.2 999.0 99.0 99.00
2013 09 27 16 50 205  9.3 10.9  1.57  7.14  5.40 313 1020.2  14.3  16.1 999.0 99.0 99.00
2013 09 27 17 50 197 10.6 12.1  1.57  9.09  4.80 305 1019.6  14.0  16.1 999.0 99.0 99.00
2013 09 27 18 50 199 12.1 14.7  1.53  4.00  4.42 206 1019.1  13.7  16.1 999.0 99.0 99.00
2013 09 27 19 50 194 12.5 14.3  1.58  4.55  4.30 193 1018.6  13.6  16.1 999.0 99.0 99.00
2013 09 27 20 50 196 12.3 15.3  1.91  5.00  4.67 193 1017.9  13.9  16.2 999.0 99.0 99.00
2013 09 27 21 50 193 12.3 15.2  2.02  5.56  4.92 208 1017.2  14.0  16.2 999.0 99.0 99.00
2013 09 27 22 50 192 10.9 13.2  2.17  5.26  5.12 214 1017.1  14.4  16.3 999.0 99.0 99.00
2013 09 27 23 50 177  6.3  8.7  1.99  5.56  5.25 205 1016.7  15.3  16.2 999.0 99.0 99.00
2013 09 28 00 50 231  5.5  6.5  1.76  5.88  5.33 205 1016.4  16.2  16.2 999.0 99.0 99.00
2013 09 28 01 50 225  6.2  7.4  1.64  6.25  5.26 196 1016.0  16.2  16.2 999.0 99.0 99.00
2013 09 28 02 50 225  6.3  7.6  1.63  6.25  5.38 225 1015.7  16.3  16.1 999.0 99.0 99.00
2013 09 28 03 50 227  6.7  8.1  1.80  6.25  5.60 224 1015.3  16.3  16.1 999.0 99.0 99.00
2013 09 28 04 50 221  6.9  8.2  1.63  6.25  5.58 207 1014.8  16.3  16.2 999.0 99.0 99.00
2013 09 28 05 50 222  7.8  9.3  1.93 16.00  6.01 313 1014.2  16.3  16.2 999.0 99.0 99.00
2013 09 28 06 50 220  8.1  9.5  1.76 14.81  5.83 262 1013.6  16.4  16.2 999.0 99.0 99.00
2013 09 28 07 50 213  8.9 11.0  2.00 16.00  6.09 306 1012.8  16.2  16.2 999.0 99.0 99.00
2013 09 28 08 50 213 10.4 12.4  2.31 14.81  6.13 290 1012.1  16.2  16.1 999.0 99.0 99.00
2013 09 28 09 50 208 10.7 13.3  2.39 13.79  6.07 281 1011.2  16.1  16.1 999.0 99.0 99.00
2013 09 28 10 50 205 12.2 14.1  2.44 14.81  6.05 289 1009.8  15.9  16.1 999.0 99.0 99.00
2013 09 28 11 50 211 13.6 15.7  2.50 13.79  5.59 280 1008.7  16.2  16.1 999.0 99.0 99.00
2013 09 28 12 50 209 12.9 16.5  2.76 14.81  5.93 284 1008.3  16.1  16.2 999.0 99.0 99.00
2013 09 28 13 50 205 13.0 16.9  3.13  6.25  5.94 217 1007.5  16.4  16.1 999.0 99.0 99.00
2013 09 28 14 50 205 13.6 16.7  3.02  6.67  5.82 210 1007.0  16.2  16.1 999.0 99.0 99.00
2013 09 28 15 50 203 14.1 16.7  3.41  6.67  6.19 214 1006.3  15.7  15.9 999.0 99.0 99.00
2013 09 28 16 50 198 15.3 18.7  3.85  7.14  6.35 226 1005.7  15.4  15.9 999.0 99.0 99.00
2013 09 28 17 50 194 16.1 20.7  3.93  7.69  6.52 202 1005.1  15.9  15.9 999.0 99.0 99.00
2013 09 28 18 50 191 15.7 19.1  4.30  7.69  6.86 208 1004.4  15.5  15.8 999.0 99.0 99.00
2013 09 28 19 50 190 16.4 21.0  4.57  8.33  7.02 203 1003.5  15.3  15.6 999.0 99.0 99.00
2013 09 28 20 50 193 17.8 22.2  5.21  9.09  7.34 203 1002.5  15.3  15.5 999.0 99.0 99.00
2013 09 28 21 50 193 16.8 20.8  6.14  9.09  7.72 196 1001.7  15.6  15.5 999.0 99.0 99.00
2013 09 28 22 50 206 16.1 20.4 99.00 99.00 99.00 999 1001.4  16.0  15.4 999.0 99.0 99.00
2013 09 28 23 50 286  9.8 12.6  6.22 10.00  7.97 196 1002.5  13.2  15.2 999.0 99.0 99.00
2013 09 29 00 50 248  8.9 10.8  5.82  9.09  8.12 185 1002.5  13.5  15.1 999.0 99.0 99.00
2013 09 29 01 50 229  9.7 12.2  5.99  9.09  8.22 216 1001.8  13.6  15.1 999.0 99.0 99.00
2013 09 29 02 50 222 11.6 14.4  5.05 10.00  7.85 200 1002.3  13.8  15.0 999.0 99.0 99.00
2013 09 29 03 50 227 12.1 14.6  5.21 10.00  8.17 221 1002.7  14.5  15.0 999.0 99.0 99.00
2013 09 29 04 50 219 11.7 14.2  5.47 10.00  8.16 229 1003.0  15.0  15.0 999.0 99.0 99.00
2013 09 29 05 50 231 11.3 13.8  5.16 10.00  8.19 242 1003.2  15.7  14.9 999.0 99.0 99.00
2013 09 29 06 50 220 10.5 12.4  4.78 10.00  8.05 229 1003.8  15.6  15.0 999.0 99.0 99.00
2013 09 29 07 50 221 10.3 13.1  5.60 10.00  8.52 225 1004.0  15.9  15.0 999.0 99.0 99.00
2013 09 29 08 50 216 11.9 14.3  5.06 10.81  8.38 279 1004.3  15.5  14.9 999.0 99.0 99.00
2013 09 29 09 50 221 11.6 13.8  4.98 12.12  8.14 287 1004.6  15.6  14.9 999.0 99.0 99.00
2013 09 29 10 50 218 10.7 14.4  4.80  9.09  8.19 243 1004.5  15.7  14.9 999.0 99.0 99.00
2013 09 29 11 50 214 10.7 13.5  5.07 12.90  8.41 283 1004.2  15.7  14.9 999.0 99.0 99.00
2013 09 29 12 50 221 12.9 15.7  5.01 12.12  8.07 282 1003.8  15.8  14.9 999.0 99.0 99.00
2013 09 29 13 50 212 11.5 13.8  4.93 13.79  8.37 282 1004.0  14.6  14.8 999.0 99.0 99.00
2013 09 29 14 50 229 13.5 17.0  5.05 13.79  8.29 289 1004.0  14.7  14.8 999.0 99.0 99.00
2013 09 29 15 50 253 13.3 18.2  5.24 11.43  8.31 278 1004.5  13.2  14.8 999.0 99.0 99.00
2013 09 29 16 50 214  9.9 12.3  5.34 12.90  8.40 279 1004.7  14.0  14.8 999.0 99.0 99.00
2013 09 29 17 50 210 12.8 16.2  6.05 13.79  9.08 274 1004.1  15.0  14.8 999.0 99.0 99.00
2013 09 29 18 50 199 13.8 17.0  6.42 13.79  9.22 279 1003.3  14.4  14.9 999.0 99.0 99.00
2013 09 29 19 50 203 14.2 17.1  7.04 12.90  9.52 286 1002.3  14.3  15.0 999.0 99.0 99.00
2013 09 29 20 50 202 14.1 17.5  7.51 17.39 10.13 277 1001.4  14.6  15.0 999.0 99.0 99.00
2013 09 29 21 50 209 14.8 18.8  6.28 14.81  8.85 274 1000.1  14.6  15.0 999.0 99.0 99.00
2013 09 29 22 50 204 15.7 20.2  6.68 17.39  9.17 281  999.0  15.0  15.0 999.0 99.0 99.00
2013 09 29 23 50 202 14.9 18.1  6.45 16.00  9.01 278  997.8  15.5  15.0 999.0 99.0 99.00
2013 09 30 00 50 204 15.8 20.1  6.36 14.81  9.09 265  996.6  15.9  15.0 999.0 99.0 99.00
2013 09 30 01 50 208 16.7 20.4  6.63 16.00  8.90 254  995.5  15.4  15.1 999.0 99.0 99.00
2013 09 30 02 50 262 12.2 15.8  7.18 14.81  9.21 292  997.9  14.7  15.1 999.0 99.0 99.00
2013 09 30 03 50 264 13.1 17.0  6.91 13.79  9.01 280  999.2  15.6  15.1 999.0 99.0 99.00
2013 09 30 04 50 271 13.6 17.4  6.78 14.81  8.92 278 1001.1  15.5  15.2 999.0 99.0 99.00
2013 09 30 05 50 271 14.8 18.6  7.49 14.81  9.14 278 1002.3  15.2  15.2 999.0 99.0 99.00
2013 09 30 06 50 264 14.3 16.9  7.16 13.79  9.37 290 1003.5  15.3  15.3 999.0 99.0 99.00
2013 09 30 07 50 248 13.7 17.5  7.36 13.79  9.57 280 1004.5  15.5  15.4 999.0 99.0 99.00
2013 09 30 08 50 245 13.2 15.6  7.24 14.81  9.90 295 1005.4  15.5  15.4 999.0 99.0 99.00
2013 09 30 09 50 233 11.6 15.0  7.16 13.79 10.00 294 1006.1  15.5  15.4 999.0 99.0 99.00
2013 09 30 10 50 233 12.4 15.0  7.27 14.81  9.68 298 1006.3  15.2  15.5 999.0 99.0 99.00
2013 09 30 11 50 236 12.3 15.5 99.00 99.00 99.00 999 1006.9  15.0  15.5 999.0 99.0 99.00
2013 09 30 12 50 239 11.1 13.6  6.88 13.79  9.78 293 1007.4  15.2  15.5 999.0 99.0 99.00
2013 09 30 13 50 245 12.2 14.6  6.81 14.81  9.72 290 1008.2  14.7  15.4 999.0 99.0 99.00
2013 09 30 14 50 241 10.7 12.9  6.15 12.90  9.34 291 1009.3  14.6  15.3 999.0 99.0 99.00
2013 09 30 15 50 248 12.4 17.2  5.91 12.12  9.05 291 1010.2  14.1  15.2 999.0 99.0 99.00
2013 09 30 16 50 235 10.3 12.5  5.88 12.12  9.46 277 1011.4  12.8  15.1 999.0 99.0 99.00
2013 09 30 17 50 251  8.4 10.8  5.33 12.90  8.83 289 1012.0  14.2  15.1 999.0 99.0 99.00
2013 09 30 18 50 244 10.1 11.9 99.00 99.00 99.00 999 1012.9  14.8  15.1 999.0 99.0 99.00
2013 09 30 19 50 238  6.5  8.7  5.75 13.79  9.20 279 1014.0  13.6  15.1 999.0 99.0 99.00
2013 09 30 20 50 245 11.0 13.5  5.20 11.43  8.86 282 1014.3  14.0  15.2 999.0 99.0 99.00
2013 09 30 21 50 222  8.9 10.7  5.64 13.79  9.42 285 1014.5  14.4  15.3 999.0 99.0 99.00
2013 09 30 22 50 250  9.4 11.8  5.35 13.79  9.33 284 1015.0  15.3  15.4 999.0 99.0 99.00
